% -------------------------------------------------------------------
%  Generated by MATLAB on 31-Aug-2022 11:35:55
%  MATLAB version: 9.11.0.2022996 (R2021b) Update 4
% -------------------------------------------------------------------
                                                           

Vx = 1;

Vy = Simulink.Parameter;
Vy.Value = [];
Vy.Complexity = 'real';
Vy.HasCoderInfo = false;
Vy.Description = '';
Vy.DataType = 'auto';
Vy.Min = [];
Vy.Max = [];
Vy.DocUnits = '';

W = Simulink.Parameter;
W.Value = [];
W.Complexity = 'real';
W.HasCoderInfo = false;
W.Description = '';
W.DataType = 'auto';
W.Min = [];
W.Max = [];
W.DocUnits = '';

smiData = struct;
smiData.RigidTransform = struct;
smiData.RigidTransform(1).translation = ...
  [-1.7763568394002505E-14 4.4408920985006262E-15 0];
smiData.RigidTransform(1).angle = 0;
smiData.RigidTransform(1).axis = [0 0 0];
smiData.RigidTransform(1).ID = ['B[wheel_simplified:1:-:Base_RoboCIn_si' ...
                                'mplified:1]'];
smiData.RigidTransform(2).translation = ...
  [71.447095812216233 -41.249999999999993 19.5];
smiData.RigidTransform(2).angle = 0;
smiData.RigidTransform(2).axis = [0 0 0];
smiData.RigidTransform(2).ID = ['F[wheel_simplified:1:-:Base_RoboCIn_si' ...
                                'mplified:1]'];
smiData.RigidTransform(3).translation = ...
  [0 0 -2.2204460492503131E-15];
smiData.RigidTransform(3).angle = 0;
smiData.RigidTransform(3).axis = [0 0 0];
smiData.RigidTransform(3).ID = ['B[wheel_simplified:2:-:Base_RoboCIn_si' ...
                                'mplified:1]'];
smiData.RigidTransform(4).translation = ...
  [58.336309447890223 58.336309447890208 19.499999999999996];
smiData.RigidTransform(4).angle = 0;
smiData.RigidTransform(4).axis = [0 0 0];
smiData.RigidTransform(4).ID = ['F[wheel_simplified:2:-:Base_RoboCIn_si' ...
                                'mplified:1]'];
smiData.RigidTransform(5).translation = ...
  [0 0 0];
smiData.RigidTransform(5).angle = 0;
smiData.RigidTransform(5).axis = [0 0 0];
smiData.RigidTransform(5).ID = ['B[wheel_simplified:3:-:Base_RoboCIn_si' ...
                                'mplified:1]'];
smiData.RigidTransform(6).translation = ...
  [-71.4470958122162 -41.25 19.500000000000011];
smiData.RigidTransform(6).angle = 0;
smiData.RigidTransform(6).axis = [0 0 0];
smiData.RigidTransform(6).ID = ['F[wheel_simplified:3:-:Base_RoboCIn_si' ...
                                'mplified:1]'];
smiData.RigidTransform(7).translation = ...
  [0 0 0];
smiData.RigidTransform(7).angle = 0;
smiData.RigidTransform(7).axis = [0 0 0];
smiData.RigidTransform(7).ID = ['B[wheel_simplified:4:-:Base_RoboCIn_si' ...
                                'mplified:1]'];
smiData.RigidTransform(8).translation = ...
  [-58.336309447890208 58.336309447890208 19.5];
smiData.RigidTransform(8).angle = 0;
smiData.RigidTransform(8).axis = [0 0 0];
smiData.RigidTransform(8).ID = ['F[wheel_simplified:4:-:Base_RoboCIn_si' ...
                                'mplified:1]'];
smiData.RigidTransform(9).translation = ...
  [0 0 0];
smiData.RigidTransform(9).angle = 0;
smiData.RigidTransform(9).axis = [0 0 0];
smiData.RigidTransform(9).ID = 'RootGround[Base_RoboCIn_simplified:1]';
smiData.Solid = struct;
smiData.Solid(1).mass = 1.6491731637283091;
smiData.Solid(1).CoM = [0.0012034633546569682 11.484154354061612 25.247670179371077 ...
                        ];
smiData.Solid(1).MoI = [3038.0090923824487 3656.1129917161506 5789.8840888548448 ...
                        ];
smiData.Solid(1).PoI = [-61.50415661905982 0.026495411946541481 0.15878427818036894 ...
                        ];
smiData.Solid(1).color = [0.74901960784313726 0.74901960784313726 0.74901960784313726 ...
                          ];
smiData.Solid(1).opacity = 1;
smiData.Solid(1).ID = ['Base_RoboCIn_simplified.ipt_{80388B35-4D35-EBA0' ...
                       '-A118-E9ACF8801021}'];
smiData.Solid(2).mass = 0.14000659015832148;
smiData.Solid(2).CoM = [0 0 0];
smiData.Solid(2).MoI = [34.305114753542767 34.305114753542767 34.305114753542767 ...
                        ];
smiData.Solid(2).PoI = [0 0 0];
smiData.Solid(2).color = [0.74901960784313726 0.74901960784313726 0.74901960784313726 ...
                          ];
smiData.Solid(2).opacity = 1;
smiData.Solid(2).ID = ['wheel_simplified.ipt_{4540ABE7-4BDF-DB8A-B216-6' ...
                       '2BCB0240894}'];
smiData.SphericalJoint = struct;
smiData.SphericalJoint(1).S = struct;
smiData.SphericalJoint(1).S.Pos = struct;
smiData.SphericalJoint(1).S.Pos.Angle = 12.445565354699998;
smiData.SphericalJoint(1).S.Pos.Axis = ...
  [0.12604805834138796 -0.838033444493823 0.53085952275360426];
smiData.SphericalJoint(1).ID = ['[wheel_simplified:1:-:Base_RoboCIn_sim' ...
                                'plified:1]'];
smiData.SphericalJoint(2).S = struct;
smiData.SphericalJoint(2).S.Pos = struct;
smiData.SphericalJoint(2).S.Pos.Angle = 3.1805546814635164E-15;
smiData.SphericalJoint(2).S.Pos.Axis = ...
  [-0 -0 1];
smiData.SphericalJoint(2).ID = ['[wheel_simplified:2:-:Base_RoboCIn_sim' ...
                                'plified:1]'];
smiData.SphericalJoint(3).S = struct;
smiData.SphericalJoint(3).S.Pos = struct;
smiData.SphericalJoint(3).S.Pos.Angle = 3.560414607333581E-14;
smiData.SphericalJoint(3).S.Pos.Axis = ...
  [0.38510347789735128 -0.61024150331233262 0.692315404238898];
smiData.SphericalJoint(3).ID = ['[wheel_simplified:3:-:Base_RoboCIn_sim' ...
                                'plified:1]'];
smiData.SphericalJoint(4).S = struct;
smiData.SphericalJoint(4).S.Pos = struct;
smiData.SphericalJoint(4).S.Pos.Angle = 1.7568234240669951E-14;
smiData.SphericalJoint(4).S.Pos.Axis = ...
  [-0 -0.57991020754432843 0.814680398184401];
smiData.SphericalJoint(4).ID = ['[wheel_simplified:4:-:Base_RoboCIn_sim' ...
                                'plified:1]'];

