<?xml version="1.0" encoding="UTF-8" standalone="no" ?>
<SimscapeMultibodyImportXML version="2.0" xmlns="urn:mathworks:SimscapeMultibody:import" xmlns:xsi="http://www.w3.org/2001/XMLSchema-instance">
<Created by="Acer" on="11/25/21||15:34:02" using="Simscape Multibody Link Version 7.4" from="Autodesk Inventor 2020.4 (Build 244396000, 396)"/>
<ModelUnits mass="kilogram" length="millimeter"/>
<DataUnits mass="kilogram" length="centimeter"/>
<RootAssembly name="first_floor2.iam" uid="first_floor2.iam_{F20200BE-4BCE-6E16-5F5F-959D2009F76E}" version="{3ECBC9C4-BE2F-B432-7852-3E9A0E28B5DC}">
<AssemblyFile name="first_floor2.iam" type="Inventor Assembly"/>
<InstanceTree>
<Instance name="Base_RoboCIn:1" grounded="true" uid="Base_RoboCIn:1" entityUid="Base_RoboCIn.ipt_{1C75BA18-4E09-8CE2-514F-DDAD320A0EDA}">
<Transform>
<Rotation>1 0 0 0 1 0 0 0 1</Rotation>
<Translation>0 0 0</Translation>
</Transform>
</Instance>
<Instance name="RoboCinWheel:1" uid="RoboCinWheel:1" entityUid="RoboCinWheel.iam_{5E761144-4CD0-3F83-F251-AC8ABF88D0B0}" rigid="true">
<Transform>
<Rotation>-0.15114279676989589 -0.47660870217042361 0.86602540378443948 -0.26178700320351611 -0.82551048748863498 -0.50000000000000011 0.95321740434084479 -0.30228559353979217 0</Rotation>
<Translation>6.6164340849131138 -3.8200000000000016 1.9500000000000002</Translation>
</Transform>
<Instance name="PartA:1" grounded="true" uid="PartA:1" entityUid="PartA.ipt_{1628E679-4CE1-FFBA-766C-598DCBB2DAA3}">
<Transform>
<Rotation>1 0 0 0 1 0 0 0 1</Rotation>
<Translation>-2.2204460492503131e-16 -1.1102230246251565e-16 0</Translation>
</Transform>
</Instance>
<Instance name="Wire:1" uid="Wire:1" entityUid="Wire.ipt_{19A3080F-40C4-A60D-0AB4-1FA0A3297C07}">
<Transform>
<Rotation>-0.93969262078590832 0.34202014332566866 0 -0.34202014332566855 -0.93969262078590854 0 0 0 1</Rotation>
<Translation>-2.2204460492503131e-16 3.3306690738754696e-16 0.58000000000000096</Translation>
</Transform>
</Instance>
<Instance name="Roller:1" uid="Roller:1" entityUid="Roller.iam_{E4DDFF8D-4A29-BA0F-C525-0EA63CB26BEE}" rigid="true">
<Transform>
<Rotation>0.41317591116650715 0.49240387650612616 0.76604444311897713 0.49240387650607126 0.58682408883349246 -0.64278760968653548 -0.76604444311901387 0.64278760968649518 9.7798972127022264e-16</Rotation>
<Translation>1.3139186425253959 1.5658672626061501 0.58816132141307786</Translation>
</Transform>
<Instance name="Roller:1" grounded="true" uid="Roller:1" entityUid="Roller.ipt_{2C102C11-4343-AF32-459C-5F97DD88C180}">
<Transform>
<Rotation>1 0 0 0 1.0000000000000002 0 0 0 1</Rotation>
<Translation>0 0 2.2204460492503131e-16</Translation>
</Transform>
</Instance>
<Instance name="RollerTire:1" uid="RollerTire:1" entityUid="RollerTire.ipt_{E1A9B439-4457-1BB5-0D31-0D917DF380D3}">
<Transform>
<Rotation>1 0 0 0 1.0000000000000002 0 0 0 1</Rotation>
<Translation>0 0 2.2204460492503131e-16</Translation>
</Transform>
</Instance>
</Instance>
<Instance name="Roller:2" uid="Roller:2" entityUid="Roller.iam_{E4DDFF8D-4A29-BA0F-C525-0EA63CB26BEE}" rigid="true">
<Transform>
<Rotation>0.21984631039293939 0.26200263022939652 0.9396926207859061 0.60402277355501355 0.7198463103929873 -0.34202014332566566 -0.76604444311901387 0.64278760968649518 8.6380671865727889e-16</Rotation>
<Translation>0.69912150710862453 1.9208205542360326 0.58816132141307786</Translation>
</Transform>
<Instance name="Roller:1" grounded="true" uid="Roller:1" entityUid="Roller.ipt_{2C102C11-4343-AF32-459C-5F97DD88C180}">
<Transform>
<Rotation>1 0 0 0 1 0 0 0 1</Rotation>
<Translation>0 0 -2.2204460492503131e-16</Translation>
</Transform>
</Instance>
<Instance name="RollerTire:1" uid="RollerTire:1" entityUid="RollerTire.ipt_{E1A9B439-4457-1BB5-0D31-0D917DF380D3}">
<Transform>
<Rotation>1 0 0 0 1 0 0 0 1</Rotation>
<Translation>0 0 -2.2204460492503131e-16</Translation>
</Transform>
</Instance>
</Instance>
<Instance name="Roller:3" uid="Roller:3" entityUid="Roller.iam_{E4DDFF8D-4A29-BA0F-C525-0EA63CB26BEE}" rigid="true">
<Transform>
<Rotation>-2.2204460492503131e-16 -4.163336342344337e-16 0.99999999999999689 0.64278760968649651 0.7660444431190131 2.1649348980190553e-15 -0.76604444311901376 0.64278760968649518 8.4200038372708547e-16</Rotation>
<Translation>-6.6613381477509392e-16 2.0440945387328484 0.58816132141307786</Translation>
</Transform>
<Instance name="Roller:1" grounded="true" uid="Roller:1" entityUid="Roller.ipt_{2C102C11-4343-AF32-459C-5F97DD88C180}">
<Transform>
<Rotation>1.0000000000000002 0 0 0 1.0000000000000002 0 0 0 1</Rotation>
<Translation>-8.8817841970012523e-16 0 -2.2204460492503131e-16</Translation>
</Transform>
</Instance>
<Instance name="RollerTire:1" uid="RollerTire:1" entityUid="RollerTire.ipt_{E1A9B439-4457-1BB5-0D31-0D917DF380D3}">
<Transform>
<Rotation>1.0000000000000002 0 0 0 1.0000000000000002 0 0 0 1</Rotation>
<Translation>-8.8817841970012523e-16 0 -2.2204460492503131e-16</Translation>
</Transform>
</Instance>
</Instance>
<Instance name="Roller:4" uid="Roller:4" entityUid="Roller.iam_{E4DDFF8D-4A29-BA0F-C525-0EA63CB26BEE}" rigid="true">
<Transform>
<Rotation>-0.21984631039293978 -0.26200263022939735 0.93969262078590465 0.60402277355501344 0.71984631039298708 0.34202014332566971 -0.76604444311901376 0.64278760968649529 7.9861680035503605e-16</Rotation>
<Translation>-0.69912150710862586 1.9208205542360326 0.58816132141307786</Translation>
</Transform>
<Instance name="Roller:1" grounded="true" uid="Roller:1" entityUid="Roller.ipt_{2C102C11-4343-AF32-459C-5F97DD88C180}">
<Transform>
<Rotation>0.99999999999999989 0 0 0 0.99999999999999978 0 0 0 0.99999999999999978</Rotation>
<Translation>1.7763568394002505e-15 0 0</Translation>
</Transform>
</Instance>
<Instance name="RollerTire:1" uid="RollerTire:1" entityUid="RollerTire.ipt_{E1A9B439-4457-1BB5-0D31-0D917DF380D3}">
<Transform>
<Rotation>0.99999999999999989 0 0 0 0.99999999999999978 0 0 0 0.99999999999999978</Rotation>
<Translation>1.7763568394002505e-15 0 0</Translation>
</Transform>
</Instance>
</Instance>
<Instance name="Roller:5" uid="Roller:5" entityUid="Roller.iam_{E4DDFF8D-4A29-BA0F-C525-0EA63CB26BEE}" rigid="true">
<Transform>
<Rotation>-0.41317591116650743 -0.49240387650612688 0.76604444311897424 0.4924038765060712 0.5868240888334918 0.64278760968653881 -0.76604444311901387 0.64278760968649507 8.2921600462413265e-16</Rotation>
<Translation>-1.3139186425253961 1.5658672626061494 0.58816132141307786</Translation>
</Transform>
<Instance name="Roller:1" grounded="true" uid="Roller:1" entityUid="Roller.ipt_{2C102C11-4343-AF32-459C-5F97DD88C180}">
<Transform>
<Rotation>1 1.1102230246251565e-16 0 0 0.99999999999999989 0 0 0 1</Rotation>
<Translation>0 -1.7763568394002505e-15 -4.4408920985006262e-16</Translation>
</Transform>
</Instance>
<Instance name="RollerTire:1" uid="RollerTire:1" entityUid="RollerTire.ipt_{E1A9B439-4457-1BB5-0D31-0D917DF380D3}">
<Transform>
<Rotation>1 1.1102230246251565e-16 0 0 0.99999999999999989 0 0 0 1</Rotation>
<Translation>0 -1.7763568394002505e-15 -4.4408920985006262e-16</Translation>
</Transform>
</Instance>
</Instance>
<Instance name="Roller:6" uid="Roller:6" entityUid="Roller.iam_{E4DDFF8D-4A29-BA0F-C525-0EA63CB26BEE}" rigid="true">
<Transform>
<Rotation>-0.55667039922638262 -0.66341394816896893 0.49999999999999656 0.3213938048432482 0.38302222155950622 0.86602540378443726 -0.76604444311901398 0.64278760968649507 8.5353601815230542e-16</Rotation>
<Translation>-1.7702377982796809 1.022047269366424 0.58816132141307786</Translation>
</Transform>
<Instance name="Roller:1" grounded="true" uid="Roller:1" entityUid="Roller.ipt_{2C102C11-4343-AF32-459C-5F97DD88C180}">
<Transform>
<Rotation>1 0 0 0 0.99999999999999989 0 0 0 0.99999999999999989</Rotation>
<Translation>0 0 0</Translation>
</Transform>
</Instance>
<Instance name="RollerTire:1" uid="RollerTire:1" entityUid="RollerTire.ipt_{E1A9B439-4457-1BB5-0D31-0D917DF380D3}">
<Transform>
<Rotation>1 0 0 0 0.99999999999999989 0 0 0 0.99999999999999989</Rotation>
<Translation>0 0 0</Translation>
</Transform>
</Instance>
</Instance>
<Instance name="Roller:7" uid="Roller:7" entityUid="Roller.iam_{E4DDFF8D-4A29-BA0F-C525-0EA63CB26BEE}" rigid="true">
<Transform>
<Rotation>-0.63302222155944698 -0.75440650673552367 0.17364817766692794 0.11161889704894226 0.13302222155949484 0.98480775301220513 -0.76604444311901376 0.64278760968649518 8.198278012474542e-16</Rotation>
<Translation>-2.0130401496340218 0.35495329162988354 0.58816132141307964</Translation>
</Transform>
<Instance name="Roller:1" grounded="true" uid="Roller:1" entityUid="Roller.ipt_{2C102C11-4343-AF32-459C-5F97DD88C180}">
<Transform>
<Rotation>1.0000000000000002 0 0 0 1.0000000000000002 0 0 0 1</Rotation>
<Translation>-8.8817841970012523e-16 8.8817841970012523e-16 3.8857805861880479e-16</Translation>
</Transform>
</Instance>
<Instance name="RollerTire:1" uid="RollerTire:1" entityUid="RollerTire.ipt_{E1A9B439-4457-1BB5-0D31-0D917DF380D3}">
<Transform>
<Rotation>1.0000000000000002 0 0 0 1.0000000000000002 0 0 0 1</Rotation>
<Translation>-8.8817841970012523e-16 8.8817841970012523e-16 3.8857805861880479e-16</Translation>
</Transform>
</Instance>
</Instance>
<Instance name="Roller:8" uid="Roller:8" entityUid="Roller.iam_{E4DDFF8D-4A29-BA0F-C525-0EA63CB26BEE}" rigid="true">
<Transform>
<Rotation>-0.63302222155944698 -0.75440650673552323 -0.17364817766693175 -0.1116188970489421 -0.13302222155949528 0.98480775301220436 -0.76604444311901365 0.64278760968649507 7.8766821357986032e-16</Rotation>
<Translation>-2.0130401496340222 -0.35495329162988254 0.58816132141307786</Translation>
</Transform>
<Instance name="Roller:1" grounded="true" uid="Roller:1" entityUid="Roller.ipt_{2C102C11-4343-AF32-459C-5F97DD88C180}">
<Transform>
<Rotation>1 0 0 1.1102230246251565e-16 1 0 0 0 1</Rotation>
<Translation>8.8817841970012523e-16 0 3.3306690738754696e-16</Translation>
</Transform>
</Instance>
<Instance name="RollerTire:1" uid="RollerTire:1" entityUid="RollerTire.ipt_{E1A9B439-4457-1BB5-0D31-0D917DF380D3}">
<Transform>
<Rotation>1 0 0 1.1102230246251565e-16 1 0 0 0 1</Rotation>
<Translation>8.8817841970012523e-16 0 3.3306690738754696e-16</Translation>
</Transform>
</Instance>
</Instance>
<Instance name="Roller:9" uid="Roller:9" entityUid="Roller.iam_{E4DDFF8D-4A29-BA0F-C525-0EA63CB26BEE}" rigid="true">
<Transform>
<Rotation>-0.5566703992263824 -0.66341394816896837 -0.50000000000000022 -0.32139380484324842 -0.38302222155950688 0.86602540378443493 -0.76604444311901365 0.64278760968649518 8.1644732727845845e-16</Rotation>
<Translation>-1.7702377982796804 -1.0220472693664244 0.58816132141307786</Translation>
</Transform>
<Instance name="Roller:1" grounded="true" uid="Roller:1" entityUid="Roller.ipt_{2C102C11-4343-AF32-459C-5F97DD88C180}">
<Transform>
<Rotation>0.99999999999999989 0 0 0 1 0 0 0 1</Rotation>
<Translation>0 0 6.6613381477509392e-16</Translation>
</Transform>
</Instance>
<Instance name="RollerTire:1" uid="RollerTire:1" entityUid="RollerTire.ipt_{E1A9B439-4457-1BB5-0D31-0D917DF380D3}">
<Transform>
<Rotation>0.99999999999999989 0 0 0 1 0 0 0 1</Rotation>
<Translation>0 0 6.6613381477509392e-16</Translation>
</Transform>
</Instance>
</Instance>
<Instance name="Roller:10" uid="Roller:10" entityUid="Roller.iam_{E4DDFF8D-4A29-BA0F-C525-0EA63CB26BEE}" rigid="true">
<Transform>
<Rotation>-0.41317591116650737 -0.4924038765061261 -0.7660444431189769 -0.49240387650607143 -0.58682408883349224 0.6427876096865357 -0.76604444311901365 0.64278760968649507 8.5387826936128555e-16</Rotation>
<Translation>-1.3139186425253966 -1.5658672626061496 0.58816132141307964</Translation>
</Transform>
<Instance name="Roller:1" grounded="true" uid="Roller:1" entityUid="Roller.ipt_{2C102C11-4343-AF32-459C-5F97DD88C180}">
<Transform>
<Rotation>0.99999999999999989 0 0 0 1.0000000000000002 0 0 0 1</Rotation>
<Translation>8.8817841970012523e-16 -8.8817841970012523e-16 -2.2204460492503131e-16</Translation>
</Transform>
</Instance>
<Instance name="RollerTire:1" uid="RollerTire:1" entityUid="RollerTire.ipt_{E1A9B439-4457-1BB5-0D31-0D917DF380D3}">
<Transform>
<Rotation>0.99999999999999989 0 0 0 1.0000000000000002 0 0 0 1</Rotation>
<Translation>8.8817841970012523e-16 -8.8817841970012523e-16 -2.2204460492503131e-16</Translation>
</Transform>
</Instance>
</Instance>
<Instance name="Roller:11" uid="Roller:11" entityUid="Roller.iam_{E4DDFF8D-4A29-BA0F-C525-0EA63CB26BEE}" rigid="true">
<Transform>
<Rotation>-0.21984631039293948 -0.26200263022939629 -0.9396926207859061 -0.60402277355501355 -0.71984631039298708 0.34202014332566549 -0.76604444311901376 0.64278760968649529 8.6050841646366736e-16</Rotation>
<Translation>-0.69912150710862497 -1.9208205542360313 0.58816132141307786</Translation>
</Transform>
<Instance name="Roller:1" grounded="true" uid="Roller:1" entityUid="Roller.ipt_{2C102C11-4343-AF32-459C-5F97DD88C180}">
<Transform>
<Rotation>1 0 0 0 0.99999999999999989 0 0 0 1</Rotation>
<Translation>0 -8.8817841970012523e-16 0</Translation>
</Transform>
</Instance>
<Instance name="RollerTire:1" uid="RollerTire:1" entityUid="RollerTire.ipt_{E1A9B439-4457-1BB5-0D31-0D917DF380D3}">
<Transform>
<Rotation>1 0 0 0 0.99999999999999989 0 0 0 1</Rotation>
<Translation>0 -8.8817841970012523e-16 0</Translation>
</Transform>
</Instance>
</Instance>
<Instance name="Roller:12" uid="Roller:12" entityUid="Roller.iam_{E4DDFF8D-4A29-BA0F-C525-0EA63CB26BEE}" rigid="true">
<Transform>
<Rotation>0 5.2735593669694936e-16 -0.99999999999999689 -0.64278760968649684 -0.76604444311901332 -2.1649348980190553e-15 -0.76604444311901376 0.64278760968649518 9.0660088005753618e-16</Rotation>
<Translation>6.6613381477509392e-16 -2.0440945387328471 0.58816132141307786</Translation>
</Transform>
<Instance name="Roller:1" grounded="true" uid="Roller:1" entityUid="Roller.ipt_{2C102C11-4343-AF32-459C-5F97DD88C180}">
<Transform>
<Rotation>1 0 0 0 1 0 0 0 1</Rotation>
<Translation>-8.8817841970012523e-16 0 0</Translation>
</Transform>
</Instance>
<Instance name="RollerTire:1" uid="RollerTire:1" entityUid="RollerTire.ipt_{E1A9B439-4457-1BB5-0D31-0D917DF380D3}">
<Transform>
<Rotation>1 0 0 0 1 0 0 0 1</Rotation>
<Translation>-8.8817841970012523e-16 0 0</Translation>
</Transform>
</Instance>
</Instance>
<Instance name="Roller:13" uid="Roller:13" entityUid="Roller.iam_{E4DDFF8D-4A29-BA0F-C525-0EA63CB26BEE}" rigid="true">
<Transform>
<Rotation>0.21984631039293948 0.26200263022939718 -0.93969262078590443 -0.60402277355501344 -0.71984631039298685 -0.34202014332566938 -0.76604444311901376 0.64278760968649518 8.1120658535144093e-16</Rotation>
<Translation>0.69912150710862497 -1.9208205542360322 0.58816132141307786</Translation>
</Transform>
<Instance name="Roller:1" grounded="true" uid="Roller:1" entityUid="Roller.ipt_{2C102C11-4343-AF32-459C-5F97DD88C180}">
<Transform>
<Rotation>1.0000000000000002 0 0 0 1.0000000000000002 0 0 0 1.0000000000000004</Rotation>
<Translation>0 0 -4.4408920985006262e-16</Translation>
</Transform>
</Instance>
<Instance name="RollerTire:1" uid="RollerTire:1" entityUid="RollerTire.ipt_{E1A9B439-4457-1BB5-0D31-0D917DF380D3}">
<Transform>
<Rotation>1.0000000000000002 0 0 0 1.0000000000000002 0 0 0 1.0000000000000004</Rotation>
<Translation>0 0 -4.4408920985006262e-16</Translation>
</Transform>
</Instance>
</Instance>
<Instance name="Roller:14" uid="Roller:14" entityUid="Roller.iam_{E4DDFF8D-4A29-BA0F-C525-0EA63CB26BEE}" rigid="true">
<Transform>
<Rotation>0.41317591116650765 0.4924038765061271 -0.76604444311897424 -0.4924038765060712 -0.58682408883349169 -0.64278760968653914 -0.76604444311901387 0.64278760968649518 7.8060738108234433e-16</Rotation>
<Translation>1.3139186425253968 -1.5658672626061483 0.58816132141307786</Translation>
</Transform>
<Instance name="Roller:1" grounded="true" uid="Roller:1" entityUid="Roller.ipt_{2C102C11-4343-AF32-459C-5F97DD88C180}">
<Transform>
<Rotation>1 0 -1.1102230246251565e-16 0 1 0 0 0 1</Rotation>
<Translation>1.3322676295501878e-15 0 -2.2204460492503131e-16</Translation>
</Transform>
</Instance>
<Instance name="RollerTire:1" uid="RollerTire:1" entityUid="RollerTire.ipt_{E1A9B439-4457-1BB5-0D31-0D917DF380D3}">
<Transform>
<Rotation>1 0 -1.1102230246251565e-16 0 1 0 0 0 1</Rotation>
<Translation>1.3322676295501878e-15 0 -2.2204460492503131e-16</Translation>
</Transform>
</Instance>
</Instance>
<Instance name="Roller:15" uid="Roller:15" entityUid="Roller.iam_{E4DDFF8D-4A29-BA0F-C525-0EA63CB26BEE}" rigid="true">
<Transform>
<Rotation>0.5566703992263824 0.66341394816896893 -0.49999999999999678 -0.32139380484324848 -0.38302222155950627 -0.86602540378443682 -0.76604444311901376 0.64278760968649518 9.7833197247920297e-16</Rotation>
<Translation>1.7702377982796802 -1.0220472693664235 0.58816132141307786</Translation>
</Transform>
<Instance name="Roller:1" grounded="true" uid="Roller:1" entityUid="Roller.ipt_{2C102C11-4343-AF32-459C-5F97DD88C180}">
<Transform>
<Rotation>1 0 0 0 1.0000000000000002 0 0 0 1.0000000000000002</Rotation>
<Translation>0 0 -1.1102230246251565e-16</Translation>
</Transform>
</Instance>
<Instance name="RollerTire:1" uid="RollerTire:1" entityUid="RollerTire.ipt_{E1A9B439-4457-1BB5-0D31-0D917DF380D3}">
<Transform>
<Rotation>1 0 0 0 1.0000000000000002 0 0 0 1.0000000000000002</Rotation>
<Translation>0 0 -1.1102230246251565e-16</Translation>
</Transform>
</Instance>
</Instance>
<Instance name="Roller:16" uid="Roller:16" entityUid="Roller.iam_{E4DDFF8D-4A29-BA0F-C525-0EA63CB26BEE}" rigid="true">
<Transform>
<Rotation>0.63302222155944676 0.75440650673552345 -0.17364817766692756 -0.11161889704894212 -0.13302222155949445 -0.98480775301220513 -0.76604444311901376 0.64278760968649518 9.0101788692153854e-16</Rotation>
<Translation>2.0130401496340218 -0.35495329162988243 0.58816132141307786</Translation>
</Transform>
<Instance name="Roller:1" grounded="true" uid="Roller:1" entityUid="Roller.ipt_{2C102C11-4343-AF32-459C-5F97DD88C180}">
<Transform>
<Rotation>0.99999999999999978 0 0 0 0.99999999999999978 0 0 0 1</Rotation>
<Translation>-4.4408920985006262e-16 0 0</Translation>
</Transform>
</Instance>
<Instance name="RollerTire:1" uid="RollerTire:1" entityUid="RollerTire.ipt_{E1A9B439-4457-1BB5-0D31-0D917DF380D3}">
<Transform>
<Rotation>0.99999999999999978 0 0 0 0.99999999999999978 0 0 0 1</Rotation>
<Translation>-4.4408920985006262e-16 0 0</Translation>
</Transform>
</Instance>
</Instance>
<Instance name="Roller:17" uid="Roller:17" entityUid="Roller.iam_{E4DDFF8D-4A29-BA0F-C525-0EA63CB26BEE}" rigid="true">
<Transform>
<Rotation>0.63302222155944698 0.75440650673552367 0.17364817766693186 0.1116188970489421 0.13302222155949545 -0.98480775301220458 -0.76604444311901387 0.6427876096864954 8.7766632335787449e-16</Rotation>
<Translation>2.0130401496340218 0.35495329162988376 0.58816132141307786</Translation>
</Transform>
<Instance name="Roller:1" grounded="true" uid="Roller:1" entityUid="Roller.ipt_{2C102C11-4343-AF32-459C-5F97DD88C180}">
<Transform>
<Rotation>1 0 0 0 1 -1.1102230246251565e-16 0 1.1102230246251565e-16 0.99999999999999989</Rotation>
<Translation>0 1.7763568394002505e-15 1.1102230246251565e-16</Translation>
</Transform>
</Instance>
<Instance name="RollerTire:1" uid="RollerTire:1" entityUid="RollerTire.ipt_{E1A9B439-4457-1BB5-0D31-0D917DF380D3}">
<Transform>
<Rotation>1 0 0 0 1 -1.1102230246251565e-16 0 1.1102230246251565e-16 0.99999999999999989</Rotation>
<Translation>0 1.7763568394002505e-15 1.1102230246251565e-16</Translation>
</Transform>
</Instance>
</Instance>
<Instance name="Roller:18" uid="Roller:18" entityUid="Roller.iam_{E4DDFF8D-4A29-BA0F-C525-0EA63CB26BEE}" rigid="true">
<Transform>
<Rotation>0.55667039922638251 0.6634139481689687 0.49999999999999956 0.32139380484324798 0.38302222155950649 -0.86602540378443504 -0.76604444311901387 0.64278760968649507 8.4888720965927627e-16</Rotation>
<Translation>1.7702377982796802 1.0220472693664231 0.58816132141307786</Translation>
</Transform>
<Instance name="Roller:1" grounded="true" uid="Roller:1" entityUid="Roller.ipt_{2C102C11-4343-AF32-459C-5F97DD88C180}">
<Transform>
<Rotation>1 0 0 0 1 0 0 0 1</Rotation>
<Translation>0 -8.8817841970012523e-16 4.4408920985006262e-16</Translation>
</Transform>
</Instance>
<Instance name="RollerTire:1" uid="RollerTire:1" entityUid="RollerTire.ipt_{E1A9B439-4457-1BB5-0D31-0D917DF380D3}">
<Transform>
<Rotation>1 0 0 0 1 0 0 0 1</Rotation>
<Translation>0 -8.8817841970012523e-16 4.4408920985006262e-16</Translation>
</Transform>
</Instance>
</Instance>
<Instance name="gear_z60_26106000_machined:1" uid="gear_z60_26106000_machined:1" entityUid="gear_z60_26106000_machined.ipt_{A3997E71-4B0D-06D3-12BD-059450D7D968}">
<Transform>
<Rotation>0 -0.29235711981918322 0.95630921489392429 0 -0.95630921489392418 -0.29235711981918322 1 0 0</Rotation>
<Translation>-2.2204460492503131e-16 -1.1102230246251565e-16 -0.20000000000000018</Translation>
</Transform>
</Instance>
<Instance name="PartB:1" uid="PartB:1" entityUid="PartB.ipt_{5C7C2163-4836-B7DF-55EB-6199D5CB477A}">
<Transform>
<Rotation>0.93969385672866856 0.34201674758175254 0 -0.34201674758175254 0.93969385672866867 0 0 0 1</Rotation>
<Translation>-4.4408920985006262e-16 -1.1102230246251565e-16 0.70000000000000018</Translation>
</Transform>
</Instance>
<Instance name="Kugellager 685-ZZ-C3:1" uid="Kugellager 685-ZZ-C3:1" entityUid="Kugellager 685-ZZ-C3_{263E68B3-46FC-2E54-BB06-F384C1252ED1}">
<Transform>
<Rotation>0 0.60917585871710855 0.79303516514481942 0 0.79303516514481942 -0.60917585871710855 -1 0 0</Rotation>
<Translation>-2.2204460492503131e-16 -1.1102230246251565e-16 0.64999999999999947</Translation>
</Transform>
</Instance>
<Instance name="ScrewM5x40_Machined:1" uid="ScrewM5x40_Machined:1" entityUid="ScrewM5x40_Machined.ipt_{26EC2860-4115-6B3B-4662-5EB913950402}">
<Transform>
<Rotation>1 0 0 0 1 0 0 0 1</Rotation>
<Translation>-4.4408920985006262e-16 -1.1102230246251565e-16 1.2000000000000002</Translation>
</Transform>
</Instance>
<Instance name="DIN 84 - replaced by DIN EN ISO 1207 M3 x 12:1" uid="DIN 84 - replaced by DIN EN ISO 1207 M3 x 12:1" entityUid="DIN 84 - replaced by DIN EN ISO 1207 M3 x 12_{E77CB702-547C-E2B7-8949-E9D3EE1EB622}">
<Transform>
<Rotation>0 0 1 0 -1 0 1 0 0</Rotation>
<Translation>0.19101260904145412 1.0832977767849332 -0.20000000000000018</Translation>
</Transform>
</Instance>
<Instance name="DIN 84 - replaced by DIN EN ISO 1207 M3 x 12:2" uid="DIN 84 - replaced by DIN EN ISO 1207 M3 x 12:2" entityUid="DIN 84 - replaced by DIN EN ISO 1207 M3 x 12_{E77CB702-547C-E2B7-8949-E9D3EE1EB622}">
<Transform>
<Rotation>0 0 1 0 -1 0 1 0 0</Rotation>
<Translation>0.84265709136771672 -0.70707065868108343 -0.20000000000000018</Translation>
</Transform>
</Instance>
<Instance name="DIN 84 - replaced by DIN EN ISO 1207 M3 x 12:3" uid="DIN 84 - replaced by DIN EN ISO 1207 M3 x 12:3" entityUid="DIN 84 - replaced by DIN EN ISO 1207 M3 x 12_{E77CB702-547C-E2B7-8949-E9D3EE1EB622}">
<Transform>
<Rotation>0 0 1 0 -1 0 1 0 0</Rotation>
<Translation>-1.0336696987259786 -0.37622711749121385 -0.20000000000000018</Translation>
</Transform>
</Instance>
<Instance name="DIN EN ISO 4032 M3:1" uid="DIN EN ISO 4032 M3:1" entityUid="DIN EN ISO 4032 M3_{C81B3B4C-1972-1E2F-03EC-6FD7697A90D7}">
<Transform>
<Rotation>0 0.9848080667644501 0.17364639828014411 0 -0.17364639828014411 0.9848080667644501 1 0 0</Rotation>
<Translation>0.1910130000000001 1.0833000000000004 0.4449999999999994</Translation>
</Transform>
</Instance>
<Instance name="DIN EN ISO 4032 M3:2" uid="DIN EN ISO 4032 M3:2" entityUid="DIN EN ISO 4032 M3_{C81B3B4C-1972-1E2F-03EC-6FD7697A90D7}">
<Transform>
<Rotation>0 -0.64278622556849685 0.76604560452978321 0 -0.76604560452978299 -0.64278622556849707 1 0 0</Rotation>
<Translation>-1.0336718199196826 -0.37622788954692366 0.44500000000000117</Translation>
</Transform>
</Instance>
<Instance name="DIN EN ISO 4032 M3:3" uid="DIN EN ISO 4032 M3:3" entityUid="DIN EN ISO 4032 M3_{C81B3B4C-1972-1E2F-03EC-6FD7697A90D7}">
<Transform>
<Rotation>0 0.34202184119595175 0.93969200280992649 0 -0.93969200280992671 0.34202184119595169 1 0 0</Rotation>
<Translation>0.84265881991968228 -0.70707211045307694 0.44500000000000117</Translation>
</Transform>
</Instance>
<Instance name="DIN EN ISO 4032 M3:4" uid="DIN EN ISO 4032 M3:4" entityUid="DIN EN ISO 4032 M3_{C81B3B4C-1972-1E2F-03EC-6FD7697A90D7}">
<Transform>
<Rotation>0 -0.64278622556849729 -0.76604560452978543 0 -0.76604560452978521 0.64278622556849696 -1.0000000000000004 0 0</Rotation>
<Translation>-1.0336718199196828 -0.37622788954692366 1.0149999999999997</Translation>
</Transform>
</Instance>
<Instance name="DIN EN ISO 4032 M3:5" uid="DIN EN ISO 4032 M3:5" entityUid="DIN EN ISO 4032 M3_{C81B3B4C-1972-1E2F-03EC-6FD7697A90D7}">
<Transform>
<Rotation>0 -0.98480806676445054 0.17364639828014125 0 0.17364639828014117 0.98480806676444999 -1 0 0</Rotation>
<Translation>0.19101299999999877 1.0832999999999999 1.0149999999999997</Translation>
</Transform>
</Instance>
<Instance name="DIN EN ISO 4032 M3:6" uid="DIN EN ISO 4032 M3:6" entityUid="DIN EN ISO 4032 M3_{C81B3B4C-1972-1E2F-03EC-6FD7697A90D7}">
<Transform>
<Rotation>0 -0.98480806676444976 0.173646398280141 0 0.17364639828014117 0.98480806676444999 -0.99999999999999944 0 0</Rotation>
<Translation>0.84265881991968228 -0.70707211045307694 1.0149999999999997</Translation>
</Transform>
</Instance>
</Instance>
<Instance name="RoboCinWheel:2" uid="RoboCinWheel:2" entityUid="RoboCinWheel.iam_{5E761144-4CD0-3F83-F251-AC8ABF88D0B0}" rigid="true">
<Transform>
<Rotation>-0.5258168107057386 -0.47277550864997875 0.70710678118654891 0.52581681070573782 0.47277550864997814 0.70710678118654791 -0.6686055362906389 0.74361726502382186 0</Rotation>
<Translation>5.402295808265225 5.4022958082652268 1.9500000000000002</Translation>
</Transform>
<Instance name="PartA:1" grounded="true" uid="PartA:1" entityUid="PartA.ipt_{1628E679-4CE1-FFBA-766C-598DCBB2DAA3}">
<Transform>
<Rotation>1 -1.1102230246251565e-16 0 0 0.99999999999999989 0 0 0 0.99999999999999989</Rotation>
<Translation>0 0 0</Translation>
</Transform>
</Instance>
<Instance name="Wire:1" uid="Wire:1" entityUid="Wire.ipt_{19A3080F-40C4-A60D-0AB4-1FA0A3297C07}">
<Transform>
<Rotation>-0.93969262078590832 0.3420201433256686 0 -0.34202014332566844 -0.93969262078590843 0 0 0 0.99999999999999989</Rotation>
<Translation>0 4.4408920985006262e-16 0.58000000000000007</Translation>
</Transform>
</Instance>
<Instance name="Roller:1" uid="Roller:1" entityUid="Roller.iam_{E4DDFF8D-4A29-BA0F-C525-0EA63CB26BEE}" rigid="true">
<Transform>
<Rotation>0.41317591116650704 0.49240387650612605 0.76604444311897701 0.4924038765060712 0.58682408883349224 -0.64278760968653548 -0.76604444311901354 0.64278760968649507 9.1538829405492667e-16</Rotation>
<Translation>1.3139186425253955 1.5658672626061492 0.58816132141307875</Translation>
</Transform>
<Instance name="Roller:1" grounded="true" uid="Roller:1" entityUid="Roller.ipt_{2C102C11-4343-AF32-459C-5F97DD88C180}">
<Transform>
<Rotation>1.0000000000000002 0 0 0 1.0000000000000002 0 0 0 1.0000000000000002</Rotation>
<Translation>0 8.8817841970012523e-16 -2.2204460492503131e-16</Translation>
</Transform>
</Instance>
<Instance name="RollerTire:1" uid="RollerTire:1" entityUid="RollerTire.ipt_{E1A9B439-4457-1BB5-0D31-0D917DF380D3}">
<Transform>
<Rotation>1.0000000000000002 0 0 0 1.0000000000000002 0 0 0 1.0000000000000002</Rotation>
<Translation>0 8.8817841970012523e-16 -2.2204460492503131e-16</Translation>
</Transform>
</Instance>
</Instance>
<Instance name="Roller:2" uid="Roller:2" entityUid="Roller.iam_{E4DDFF8D-4A29-BA0F-C525-0EA63CB26BEE}" rigid="true">
<Transform>
<Rotation>0.21984631039293925 0.26200263022939652 0.93969262078590587 0.60402277355501344 0.71984631039298719 -0.34202014332566555 -0.76604444311901354 0.64278760968649495 8.5390671046469144e-16</Rotation>
<Translation>0.69912150710862431 1.9208205542360326 0.58816132141307875</Translation>
</Transform>
<Instance name="Roller:1" grounded="true" uid="Roller:1" entityUid="Roller.ipt_{2C102C11-4343-AF32-459C-5F97DD88C180}">
<Transform>
<Rotation>1 0 0 0 0.99999999999999978 0 0 0 1</Rotation>
<Translation>8.8817841970012523e-16 8.8817841970012523e-16 0</Translation>
</Transform>
</Instance>
<Instance name="RollerTire:1" uid="RollerTire:1" entityUid="RollerTire.ipt_{E1A9B439-4457-1BB5-0D31-0D917DF380D3}">
<Transform>
<Rotation>1 0 0 0 0.99999999999999978 0 0 0 1</Rotation>
<Translation>8.8817841970012523e-16 8.8817841970012523e-16 0</Translation>
</Transform>
</Instance>
</Instance>
<Instance name="Roller:3" uid="Roller:3" entityUid="Roller.iam_{E4DDFF8D-4A29-BA0F-C525-0EA63CB26BEE}" rigid="true">
<Transform>
<Rotation>-3.8857805861880479e-16 -4.4408920985006262e-16 0.99999999999999667 0.64278760968649651 0.76604444311901299 2.1649348980190553e-15 -0.76604444311901354 0.64278760968649507 7.587600290454374e-16</Rotation>
<Translation>-1.1102230246251565e-15 2.044094538732848 0.58816132141307875</Translation>
</Transform>
<Instance name="Roller:1" grounded="true" uid="Roller:1" entityUid="Roller.ipt_{2C102C11-4343-AF32-459C-5F97DD88C180}">
<Transform>
<Rotation>1 0 0 0 0.99999999999999989 0 0 0 1</Rotation>
<Translation>-8.8817841970012523e-16 -8.8817841970012523e-16 2.2204460492503131e-16</Translation>
</Transform>
</Instance>
<Instance name="RollerTire:1" uid="RollerTire:1" entityUid="RollerTire.ipt_{E1A9B439-4457-1BB5-0D31-0D917DF380D3}">
<Transform>
<Rotation>1 0 0 0 0.99999999999999989 0 0 0 1</Rotation>
<Translation>-8.8817841970012523e-16 -8.8817841970012523e-16 2.2204460492503131e-16</Translation>
</Transform>
</Instance>
</Instance>
<Instance name="Roller:4" uid="Roller:4" entityUid="Roller.iam_{E4DDFF8D-4A29-BA0F-C525-0EA63CB26BEE}" rigid="true">
<Transform>
<Rotation>-0.21984631039293992 -0.26200263022939729 0.93969262078590443 0.60402277355501333 0.71984631039298708 0.34202014332566966 -0.76604444311901343 0.64278760968649507 8.534257525730796e-16</Rotation>
<Translation>-0.69912150710862631 1.9208205542360326 0.58816132141307875</Translation>
</Transform>
<Instance name="Roller:1" grounded="true" uid="Roller:1" entityUid="Roller.ipt_{2C102C11-4343-AF32-459C-5F97DD88C180}">
<Transform>
<Rotation>1.0000000000000002 0 0 -1.1102230246251565e-16 1 0 0 0 1</Rotation>
<Translation>-4.4408920985006262e-16 0 -1.1102230246251565e-16</Translation>
</Transform>
</Instance>
<Instance name="RollerTire:1" uid="RollerTire:1" entityUid="RollerTire.ipt_{E1A9B439-4457-1BB5-0D31-0D917DF380D3}">
<Transform>
<Rotation>1.0000000000000002 0 0 -1.1102230246251565e-16 1 0 0 0 1</Rotation>
<Translation>-4.4408920985006262e-16 0 -1.1102230246251565e-16</Translation>
</Transform>
</Instance>
</Instance>
<Instance name="Roller:5" uid="Roller:5" entityUid="Roller.iam_{E4DDFF8D-4A29-BA0F-C525-0EA63CB26BEE}" rigid="true">
<Transform>
<Rotation>-0.41317591116650754 -0.49240387650612671 0.76604444311897424 0.4924038765060712 0.58682408883349169 0.6427876096865387 -0.76604444311901365 0.64278760968649507 8.9007654532389908e-16</Rotation>
<Translation>-1.3139186425253968 1.5658672626061487 0.58816132141307875</Translation>
</Transform>
<Instance name="Roller:1" grounded="true" uid="Roller:1" entityUid="Roller.ipt_{2C102C11-4343-AF32-459C-5F97DD88C180}">
<Transform>
<Rotation>1 0 -1.1449174941446927e-16 0 0.99999999999999978 0 0 0 0.99999999999999989</Rotation>
<Translation>-4.4408920985006262e-16 -1.7763568394002505e-15 -1.0685896612017132e-15</Translation>
</Transform>
</Instance>
<Instance name="RollerTire:1" uid="RollerTire:1" entityUid="RollerTire.ipt_{E1A9B439-4457-1BB5-0D31-0D917DF380D3}">
<Transform>
<Rotation>1 0 -1.1449174941446927e-16 0 0.99999999999999978 0 0 0 0.99999999999999989</Rotation>
<Translation>-4.4408920985006262e-16 -1.7763568394002505e-15 -1.0685896612017132e-15</Translation>
</Transform>
</Instance>
</Instance>
<Instance name="Roller:6" uid="Roller:6" entityUid="Roller.iam_{E4DDFF8D-4A29-BA0F-C525-0EA63CB26BEE}" rigid="true">
<Transform>
<Rotation>-0.55667039922638262 -0.66341394816896893 0.49999999999999656 0.3213938048432482 0.38302222155950644 0.86602540378443715 -0.76604444311901365 0.64278760968649518 6.4894263995485168e-16</Rotation>
<Translation>-1.7702377982796806 1.022047269366424 0.58816132141307875</Translation>
</Transform>
<Instance name="Roller:1" grounded="true" uid="Roller:1" entityUid="Roller.ipt_{2C102C11-4343-AF32-459C-5F97DD88C180}">
<Transform>
<Rotation>1 0 0 0 1 0 0 0 0.99999999999999989</Rotation>
<Translation>4.4408920985006262e-16 1.7763568394002505e-15 -8.8817841970012523e-16</Translation>
</Transform>
</Instance>
<Instance name="RollerTire:1" uid="RollerTire:1" entityUid="RollerTire.ipt_{E1A9B439-4457-1BB5-0D31-0D917DF380D3}">
<Transform>
<Rotation>1 0 0 0 1 0 0 0 0.99999999999999989</Rotation>
<Translation>4.4408920985006262e-16 1.7763568394002505e-15 -8.8817841970012523e-16</Translation>
</Transform>
</Instance>
</Instance>
<Instance name="Roller:7" uid="Roller:7" entityUid="Roller.iam_{E4DDFF8D-4A29-BA0F-C525-0EA63CB26BEE}" rigid="true">
<Transform>
<Rotation>-0.6330222215594471 -0.75440650673552356 0.17364817766692781 0.11161889704894218 0.13302222155949489 0.98480775301220524 -0.76604444311901365 0.64278760968649518 7.4294915137139142e-16</Rotation>
<Translation>-2.0130401496340209 0.35495329162988387 0.58816132141307875</Translation>
</Transform>
<Instance name="Roller:1" grounded="true" uid="Roller:1" entityUid="Roller.ipt_{2C102C11-4343-AF32-459C-5F97DD88C180}">
<Transform>
<Rotation>1 0 0 0 1 0 1.1102230246251565e-16 0 1</Rotation>
<Translation>8.8817841970012523e-16 0 8.8817841970012523e-16</Translation>
</Transform>
</Instance>
<Instance name="RollerTire:1" uid="RollerTire:1" entityUid="RollerTire.ipt_{E1A9B439-4457-1BB5-0D31-0D917DF380D3}">
<Transform>
<Rotation>1 0 0 0 1 0 1.1102230246251565e-16 0 1</Rotation>
<Translation>8.8817841970012523e-16 0 8.8817841970012523e-16</Translation>
</Transform>
</Instance>
</Instance>
<Instance name="Roller:8" uid="Roller:8" entityUid="Roller.iam_{E4DDFF8D-4A29-BA0F-C525-0EA63CB26BEE}" rigid="true">
<Transform>
<Rotation>-0.63302222155944698 -0.75440650673552323 -0.17364817766693175 -0.11161889704894207 -0.13302222155949522 0.98480775301220447 -0.76604444311901343 0.64278760968649507 7.855703764811883e-16</Rotation>
<Translation>-2.0130401496340227 -0.35495329162988254 0.58816132141307875</Translation>
</Transform>
<Instance name="Roller:1" grounded="true" uid="Roller:1" entityUid="Roller.ipt_{2C102C11-4343-AF32-459C-5F97DD88C180}">
<Transform>
<Rotation>1 0 0 0 0.99999999999999989 1.1102230246251565e-16 0 0 1</Rotation>
<Translation>-8.8817841970012523e-16 0 2.2204460492503131e-16</Translation>
</Transform>
</Instance>
<Instance name="RollerTire:1" uid="RollerTire:1" entityUid="RollerTire.ipt_{E1A9B439-4457-1BB5-0D31-0D917DF380D3}">
<Transform>
<Rotation>1 0 0 0 0.99999999999999989 1.1102230246251565e-16 0 0 1</Rotation>
<Translation>-8.8817841970012523e-16 0 2.2204460492503131e-16</Translation>
</Transform>
</Instance>
</Instance>
<Instance name="Roller:9" uid="Roller:9" entityUid="Roller.iam_{E4DDFF8D-4A29-BA0F-C525-0EA63CB26BEE}" rigid="true">
<Transform>
<Rotation>-0.5566703992263824 -0.66341394816896826 -0.50000000000000033 -0.32139380484324842 -0.38302222155950671 0.86602540378443482 -0.76604444311901343 0.64278760968649507 7.3672766718609614e-16</Rotation>
<Translation>-1.7702377982796798 -1.0220472693664238 0.58816132141307875</Translation>
</Transform>
<Instance name="Roller:1" grounded="true" uid="Roller:1" entityUid="Roller.ipt_{2C102C11-4343-AF32-459C-5F97DD88C180}">
<Transform>
<Rotation>1.0000000000000002 0 0 0 1.0000000000000002 0 0 0 1.0000000000000002</Rotation>
<Translation>0 0 -2.2204460492503131e-16</Translation>
</Transform>
</Instance>
<Instance name="RollerTire:1" uid="RollerTire:1" entityUid="RollerTire.ipt_{E1A9B439-4457-1BB5-0D31-0D917DF380D3}">
<Transform>
<Rotation>1.0000000000000002 0 0 0 1.0000000000000002 0 0 0 1.0000000000000002</Rotation>
<Translation>0 0 -2.2204460492503131e-16</Translation>
</Transform>
</Instance>
</Instance>
<Instance name="Roller:10" uid="Roller:10" entityUid="Roller.iam_{E4DDFF8D-4A29-BA0F-C525-0EA63CB26BEE}" rigid="true">
<Transform>
<Rotation>-0.41317591116650748 -0.49240387650612599 -0.76604444311897679 -0.49240387650607143 -0.58682408883349224 0.6427876096865357 -0.76604444311901354 0.64278760968649495 9.1647969657658162e-16</Rotation>
<Translation>-1.3139186425253964 -1.5658672626061492 0.58816132141307875</Translation>
</Transform>
<Instance name="Roller:1" grounded="true" uid="Roller:1" entityUid="Roller.ipt_{2C102C11-4343-AF32-459C-5F97DD88C180}">
<Transform>
<Rotation>1 0 0 0 1 0 0 0 1.0000000000000002</Rotation>
<Translation>-1.7763568394002505e-15 8.8817841970012523e-16 0</Translation>
</Transform>
</Instance>
<Instance name="RollerTire:1" uid="RollerTire:1" entityUid="RollerTire.ipt_{E1A9B439-4457-1BB5-0D31-0D917DF380D3}">
<Transform>
<Rotation>1 0 0 0 1 0 0 0 1.0000000000000002</Rotation>
<Translation>-1.7763568394002505e-15 8.8817841970012523e-16 0</Translation>
</Transform>
</Instance>
</Instance>
<Instance name="Roller:11" uid="Roller:11" entityUid="Roller.iam_{E4DDFF8D-4A29-BA0F-C525-0EA63CB26BEE}" rigid="true">
<Transform>
<Rotation>-0.21984631039293945 -0.26200263022939624 -0.9396926207859061 -0.60402277355501355 -0.71984631039298708 0.3420201433256656 -0.76604444311901365 0.64278760968649529 8.1142782647304337e-16</Rotation>
<Translation>-0.69912150710862453 -1.9208205542360308 0.58816132141307875</Translation>
</Transform>
<Instance name="Roller:1" grounded="true" uid="Roller:1" entityUid="Roller.ipt_{2C102C11-4343-AF32-459C-5F97DD88C180}">
<Transform>
<Rotation>1 0 0 0 0.99999999999999978 0 0 0 0.99999999999999989</Rotation>
<Translation>0 0 -2.2204460492503131e-16</Translation>
</Transform>
</Instance>
<Instance name="RollerTire:1" uid="RollerTire:1" entityUid="RollerTire.ipt_{E1A9B439-4457-1BB5-0D31-0D917DF380D3}">
<Transform>
<Rotation>1 0 0 0 0.99999999999999978 0 0 0 0.99999999999999989</Rotation>
<Translation>0 0 -2.2204460492503131e-16</Translation>
</Transform>
</Instance>
</Instance>
<Instance name="Roller:12" uid="Roller:12" entityUid="Roller.iam_{E4DDFF8D-4A29-BA0F-C525-0EA63CB26BEE}" rigid="true">
<Transform>
<Rotation>0 6.106226635438361e-16 -0.99999999999999667 -0.64278760968649673 -0.76604444311901321 -2.1649348980190553e-15 -0.76604444311901354 0.64278760968649495 1.0175968103548131e-15</Rotation>
<Translation>2.2204460492503131e-16 -2.0440945387328475 0.58816132141307875</Translation>
</Transform>
<Instance name="Roller:1" grounded="true" uid="Roller:1" entityUid="Roller.ipt_{2C102C11-4343-AF32-459C-5F97DD88C180}">
<Transform>
<Rotation>1.0000000000000002 0 0 0 1 0 0 0 1.0000000000000002</Rotation>
<Translation>-8.8817841970012523e-16 -8.8817841970012523e-16 -2.2204460492503131e-16</Translation>
</Transform>
</Instance>
<Instance name="RollerTire:1" uid="RollerTire:1" entityUid="RollerTire.ipt_{E1A9B439-4457-1BB5-0D31-0D917DF380D3}">
<Transform>
<Rotation>1.0000000000000002 0 0 0 1 0 0 0 1.0000000000000002</Rotation>
<Translation>-8.8817841970012523e-16 -8.8817841970012523e-16 -2.2204460492503131e-16</Translation>
</Transform>
</Instance>
</Instance>
<Instance name="Roller:13" uid="Roller:13" entityUid="Roller.iam_{E4DDFF8D-4A29-BA0F-C525-0EA63CB26BEE}" rigid="true">
<Transform>
<Rotation>0.21984631039293939 0.26200263022939718 -0.93969262078590443 -0.60402277355501344 -0.71984631039298685 -0.34202014332566921 -0.76604444311901365 0.64278760968649507 8.1190878436465521e-16</Rotation>
<Translation>0.69912150710862486 -1.9208205542360319 0.58816132141307875</Translation>
</Transform>
<Instance name="Roller:1" grounded="true" uid="Roller:1" entityUid="Roller.ipt_{2C102C11-4343-AF32-459C-5F97DD88C180}">
<Transform>
<Rotation>1 0 0 0 0.99999999999999978 0 0 -1.1102230246251565e-16 0.99999999999999978</Rotation>
<Translation>0 0 4.4408920985006262e-16</Translation>
</Transform>
</Instance>
<Instance name="RollerTire:1" uid="RollerTire:1" entityUid="RollerTire.ipt_{E1A9B439-4457-1BB5-0D31-0D917DF380D3}">
<Transform>
