<?xml version="1.0" encoding="UTF-8" standalone="no" ?>
<SimscapeMultibodyImportXML version="2.0" xmlns="urn:mathworks:SimscapeMultibody:import" xmlns:xsi="http://www.w3.org/2001/XMLSchema-instance">
<Created by="victo" on="09/22/22||00:19:13" using="Simscape Multibody Link Version 7.4" from="Autodesk Inventor 2021 (Build 250183000, 183)"/>
<ModelUnits mass="kilogram" length="millimeter"/>
<DataUnits mass="kilogram" length="centimeter"/>
<RootAssembly name="robot_simplified.iam" uid="robot_simplified.iam_{F18943FA-4145-2104-6919-87A60BF88EB4}" version="{37BA6B5F-B5BB-58EB-AFCB-B9AB24F0A919}">
<AssemblyFile name="robot_simplified.iam" type="Inventor Assembly"/>
<InstanceTree>
<Instance name="Base_RoboCIn:1" grounded="true" uid="Base_RoboCIn:1" entityUid="Base_RoboCIn.ipt_{A3F0F43E-4104-5C43-25A9-679649E10109}">
<Transform>
<Rotation>1 0 0 0 1 0 0 0 1</Rotation>
<Translation>0 0 0</Translation>
</Transform>
</Instance>
<Instance name="SupportFirstToSecond:1" grounded="true" uid="SupportFirstToSecond:1" entityUid="SupportFirstToSecond.ipt_{6F44A5EA-44FE-9EEE-099F-4EAA70434655}">
<Transform>
<Rotation>0.91381154862025693 -0.40613846605344806 0 0.40613846605344744 0.91381154862025626 0 -2.6785195323198842e-16 -1.1762429589012364e-16 0.99999999999999989</Rotation>
<Translation>-3.2000000000000033 7.200000000000002 10.180000000000001</Translation>
</Transform>
</Instance>
<Instance name="SupportFirstToSecond:2" grounded="true" uid="SupportFirstToSecond:2" entityUid="SupportFirstToSecond.ipt_{6F44A5EA-44FE-9EEE-099F-4EAA70434655}">
<Transform>
<Rotation>0.91381154862025615 0.40613846605345011 0 -0.40613846605345083 0.91381154862025671 0 0 0 1.0000000000000004</Rotation>
<Translation>3.2000000000000051 7.2000000000000011 10.180000000000003</Translation>
</Transform>
</Instance>
<Instance name="SupportFirstToSecond:3" grounded="true" uid="SupportFirstToSecond:3" entityUid="SupportFirstToSecond.ipt_{6F44A5EA-44FE-9EEE-099F-4EAA70434655}">
<Transform>
<Rotation>0.27805807654105791 -0.96056426441455967 0 0.96056426441456022 0.27805807654105835 0 -4.9960036108132044e-16 0 0.99999999999999978</Rotation>
<Translation>7.6000000000000076 -2.2000000000000055 10.18</Translation>
</Transform>
</Instance>
<Instance name="SupportFirstToSecond:4" grounded="true" uid="SupportFirstToSecond:4" entityUid="SupportFirstToSecond.ipt_{6F44A5EA-44FE-9EEE-099F-4EAA70434655}">
<Transform>
<Rotation>0.27805807654105746 0.96056426441456155 0 -0.96056426441456089 0.2780580765410573 0 -2.4980018054066022e-16 0 0.99999999999999978</Rotation>
<Translation>-7.5999999999999979 -2.2000000000000051 10.18</Translation>
</Transform>
</Instance>
<Instance name="plate_sec_floor:1" grounded="true" uid="plate_sec_floor:1" entityUid="plate_sec_floor.ipt_{8CAE8D26-4FC1-B74A-3771-1C970185F6A7}">
<Transform>
<Rotation>0.99999999999999112 -7.049916206369744e-15 0 -3.7747582837255322e-15 -0.99999999999999656 0 -1.7576301796291432e-16 6.0581933219259123e-16 -0.99999999999999467</Rotation>
<Translation>0 0 10.429999999999989</Translation>
</Transform>
</Instance>
<Instance name="SupportSecondToCoverNew:1" grounded="true" uid="SupportSecondToCoverNew:1" entityUid="SupportSecondToCoverNew.ipt_{BEC3F5B6-48A8-575C-1C56-CFB57A159208}">
<Transform>
<Rotation>0.15384615384614611 0.9880948137434743 0 -0.98809481374347341 0.15384615384614622 0 1.936822405107723e-15 7.3773525009283818e-16 1.0000000000000013</Rotation>
<Translation>7.7071395471990147 1.1999999999999702 14.02999999999999</Translation>
</Transform>
</Instance>
<Instance name="SupportSecondToCoverNew:2" grounded="true" uid="SupportSecondToCoverNew:2" entityUid="SupportSecondToCoverNew.ipt_{BEC3F5B6-48A8-575C-1C56-CFB57A159208}">
<Transform>
<Rotation>0.15384615384616285 -0.98809481374347008 0 0.98809481374347008 0.15384615384616285 0 0 0 1</Rotation>
<Translation>-7.7071395471989943 1.2000000000000173 14.029999999999987</Translation>
</Transform>
</Instance>
<Instance name="CoverNew:1" grounded="true" uid="CoverNew:1" entityUid="CoverNew.ipt_{AEE0F50D-49D2-3BAD-D71A-CEB88670302D}">
<Transform>
<Rotation>1.0000000000000004 -1.0158540675320182e-14 0 -1.0158540675320182e-14 -1.0000000000000004 0 0 0 -1</Rotation>
<Translation>0 0 14.129999999999988</Translation>
</Transform>
</Instance>
<Instance name="tag_green:1" grounded="true" uid="tag_green:1" entityUid="tag_green.ipt_{EA84E62E-4C4E-0CDB-8499-F3997CEEEC2E}">
<Transform>
<Rotation>0.93006146072193985 -0.36740397286879456 0 0.36740397286879456 0.93006146072193985 0 0 0 1</Rotation>
<Translation>-5.4772000000000345 -3.4999999999999454 14.019999999999987</Translation>
</Transform>
</Instance>
<Instance name="tag_green:2" grounded="true" uid="tag_green:2" entityUid="tag_green.ipt_{EA84E62E-4C4E-0CDB-8499-F3997CEEEC2E}">
<Transform>
<Rotation>0.58713780957798634 0.80948699344953212 0 -0.80948699344953212 0.58713780957798634 0 0 0 1</Rotation>
<Translation>-3.4999999999999476 5.477200000000038 14.019999999999987</Translation>
</Transform>
</Instance>
<Instance name="tag_magenta:1" grounded="true" uid="tag_magenta:1" entityUid="tag_magenta.ipt_{88502DBA-47F2-AB80-AA80-70B1522D85C4}">
<Transform>
<Rotation>0.99130170580493493 0.13160899691215547 0 -0.13160899691215547 0.99130170580493493 0 0 0 1</Rotation>
<Translation>5.4771999999999652 -3.500000000000056 14.019999999999991</Translation>
</Transform>
</Instance>
<Instance name="tag_magenta:2" grounded="true" uid="tag_magenta:2" entityUid="tag_magenta.ipt_{88502DBA-47F2-AB80-AA80-70B1522D85C4}">
<Transform>
<Rotation>0.40693819186162339 0.91345569569869889 0 -0.91345569569869889 0.40693819186162339 0 0 0 1</Rotation>
<Translation>3.5000000000000573 5.477199999999967 14.019999999999987</Translation>
</Transform>
</Instance>
<Instance name="tag_yellow:1" grounded="true" uid="tag_yellow:1" entityUid="tag_yellow.ipt_{C8D2A498-421B-DC7C-8EDD-97A823AD5ACF}">
<Transform>
<Rotation>0.86189049834065479 0.50709443782208652 0 -0.50709443782208652 0.86189049834065479 0 0 0 1</Rotation>
<Translation>0 0 14.019999999999987</Translation>
</Transform>
</Instance>
<Instance name="tampa_nut:1" grounded="true" uid="tampa_nut:1" entityUid="tampa_nut.ipt_{904691CB-4352-A65F-A21A-B0AC422A8EA6}">
<Transform>
<Rotation>1.016547956922409e-14 -1.0000000000000004 0 1.0000000000000004 1.016547956922409e-14 0 0 0 1</Rotation>
<Translation>0 0 4.7499999999999876</Translation>
</Transform>
</Instance>
<Instance name="RoboCinWheel_simplified:1" uid="RoboCinWheel_simplified:1" entityUid="RoboCinWheel_simplified.iam_{5CD14B82-42B2-9D40-1A94-FDBAEFC64141}" rigid="true">
<Transform>
<Rotation>0.49587157798089565 0.064120029247783358 0.86602540378443893 0.85887476709226318 0.11105914843996417 -0.50000000000000011 -0.12824005849556688 0.99174315596179075 0</Rotation>
<Translation>6.7896391656700015 -3.9200000000000008 1.9500000000000004</Translation>
</Transform>
<Instance name="wheel_simplified2:1" grounded="true" uid="wheel_simplified2:1" entityUid="wheel_simplified2.ipt_{FC343ECF-4ED8-3639-0595-D7B9B3DF5A9A}">
<Transform>
<Rotation>1 0 0 0 1 0 0 0 1</Rotation>
<Translation>4.4408920985006262e-16 -2.2204460492503131e-16 -8.8817841970012523e-16</Translation>
</Transform>
</Instance>
<Instance name="gear_z60_26106000_simplified:1" grounded="true" uid="gear_z60_26106000_simplified:1" entityUid="gear_z60_26106000_simplified.ipt_{A3997E71-4B0D-06D3-12BD-059450D7D968}">
<Transform>
<Rotation>0 -0.11904917988168623 0.99288835866350178 0 0.992888358663502 0.11904917988168623 -1 0 0</Rotation>
<Translation>4.4408920985006262e-16 -2.2204460492503131e-16 -0.20000000000000107</Translation>
</Transform>
</Instance>
<Instance name="Roller:1" uid="Roller:1" entityUid="Roller.iam_{E4DDFF8D-4A29-BA0F-C525-0EA63CB26BEE}" rigid="true">
<Transform>
<Rotation>0.28629591714828795 0.18711607698091737 0.93969262078590365 0.7865915676469849 0.51409719632200845 -0.34202014332566633 -0.54709080921806619 0.83707326230690104 0</Rotation>
<Translation>0.69577291178464562 1.9116203641965162 0.38999999999999879</Translation>
</Transform>
<Instance name="Roller:1" grounded="true" uid="Roller:1" entityUid="Roller.ipt_{2C102C11-4343-AF32-459C-5F97DD88C180}">
<Transform>
<Rotation>1.0000000000000002 0 0 0 1 0 0 0 1.0000000000000002</Rotation>
<Translation>-2.2204460492503131e-16 0 5.5511151231257827e-16</Translation>
</Transform>
</Instance>
<Instance name="RollerTire:1" uid="RollerTire:1" entityUid="RollerTire.ipt_{E1A9B439-4457-1BB5-0D31-0D917DF380D3}">
<Transform>
<Rotation>1.0000000000000002 0 0 0 1 0 0 0 1.0000000000000002</Rotation>
<Translation>-2.2204460492503131e-16 0 5.5511151231257827e-16</Translation>
</Transform>
</Instance>
</Instance>
<Instance name="Roller:2" uid="Roller:2" entityUid="Roller.iam_{E4DDFF8D-4A29-BA0F-C525-0EA63CB26BEE}" rigid="true">
<Transform>
<Rotation>0.47397192139889721 0.43419641741033926 0.76604444311897857 0.56485774011591605 0.51745514034030748 -0.64278760968653992 -0.67548971210269493 0.73736941138307377 -3.3247399666562451e-16</Rotation>
<Translation>1.3076253418935198 1.5583671989688312 0.38999999999999879</Translation>
</Transform>
<Instance name="Roller:1" grounded="true" uid="Roller:1" entityUid="Roller.ipt_{2C102C11-4343-AF32-459C-5F97DD88C180}">
<Transform>
<Rotation>1 0 0 0 1 0 0 0 0.99999999999999989</Rotation>
<Translation>4.4408920985006262e-16 0 -4.4408920985006262e-16</Translation>
</Transform>
</Instance>
<Instance name="RollerTire:1" uid="RollerTire:1" entityUid="RollerTire.ipt_{E1A9B439-4457-1BB5-0D31-0D917DF380D3}">
<Transform>
<Rotation>1 0 0 0 1 0 0 0 0.99999999999999989</Rotation>
<Translation>4.4408920985006262e-16 0 -4.4408920985006262e-16</Translation>
</Transform>
</Instance>
</Instance>
<Instance name="Roller:3" uid="Roller:3" entityUid="Roller.iam_{E4DDFF8D-4A29-BA0F-C525-0EA63CB26BEE}" rigid="true">
<Transform>
<Rotation>0.82345267722930071 0.26818964999398132 0.50000000000000011 0.4754206248632552 0.15483936661789752 -0.86602540378444159 -0.30967873323579292 0.95084124972651052 3.181649074629214e-16</Rotation>
<Translation>1.7617588572753307 1.0171519504951174 0.39000000000000057</Translation>
</Transform>
<Instance name="Roller:1" grounded="true" uid="Roller:1" entityUid="Roller.ipt_{2C102C11-4343-AF32-459C-5F97DD88C180}">
<Transform>
<Rotation>0.99999999999999989 0 0 0 1 0 0 0 1</Rotation>
<Translation>-2.9143354396410359e-16 1.7763568394002505e-15 0</Translation>
</Transform>
</Instance>
<Instance name="RollerTire:1" uid="RollerTire:1" entityUid="RollerTire.ipt_{E1A9B439-4457-1BB5-0D31-0D917DF380D3}">
<Transform>
<Rotation>0.99999999999999989 0 0 0 1 0 0 0 1</Rotation>
<Translation>-2.9143354396410359e-16 1.7763568394002505e-15 0</Translation>
</Transform>
</Instance>
</Instance>
<Instance name="Roller:4" uid="Roller:4" entityUid="Roller.iam_{E4DDFF8D-4A29-BA0F-C525-0EA63CB26BEE}" rigid="true">
<Transform>
<Rotation>0.95622876034414672 0.23552678888748399 0.17364817766693014 0.16860893017808143 0.041529727560490066 -0.98480775301220635 -0.23916016924834699 0.97098013030396346 0</Rotation>
<Translation>2.003398253678164 0.3532531652276818 0.39000000000000057</Translation>
</Transform>
<Instance name="Roller:1" grounded="true" uid="Roller:1" entityUid="Roller.ipt_{2C102C11-4343-AF32-459C-5F97DD88C180}">
<Transform>
<Rotation>1 0 0 0 0.99999999999999978 0 0 0 0.99999999999999989</Rotation>
<Translation>-4.5796699765787707e-16 0 0</Translation>
</Transform>
</Instance>
<Instance name="RollerTire:1" uid="RollerTire:1" entityUid="RollerTire.ipt_{E1A9B439-4457-1BB5-0D31-0D917DF380D3}">
<Transform>
<Rotation>1 0 0 0 0.99999999999999978 0 0 0 0.99999999999999989</Rotation>
<Translation>-4.5796699765787707e-16 0 0</Translation>
</Transform>
</Instance>
</Instance>
<Instance name="Roller:5" uid="Roller:5" entityUid="Roller.iam_{E4DDFF8D-4A29-BA0F-C525-0EA63CB26BEE}" rigid="true">
<Transform>
<Rotation>0.95411716604177066 0.24394004152121485 -0.17364817766693033 -0.16823659913026254 -0.043013210995333645 -0.98480775301220791 -0.24770320986515643 0.96883596125582239 -1.1473450617360589e-16</Rotation>
<Translation>2.0033982536781676 -0.35325316522768269 0.38999999999999879</Translation>
</Transform>
<Instance name="Roller:1" grounded="true" uid="Roller:1" entityUid="Roller.ipt_{2C102C11-4343-AF32-459C-5F97DD88C180}">
<Transform>
<Rotation>1.0000000000000002 0 0 0 1 0 0 0 1.0000000000000002</Rotation>
<Translation>2.2204460492503131e-16 -1.7763568394002505e-15 0</Translation>
</Transform>
</Instance>
<Instance name="RollerTire:1" uid="RollerTire:1" entityUid="RollerTire.ipt_{E1A9B439-4457-1BB5-0D31-0D917DF380D3}">
<Transform>
<Rotation>1.0000000000000002 0 0 0 1 0 0 0 1.0000000000000002</Rotation>
<Translation>2.2204460492503131e-16 -1.7763568394002505e-15 0</Translation>
</Transform>
</Instance>
</Instance>
<Instance name="Roller:6" uid="Roller:6" entityUid="Roller.iam_{E4DDFF8D-4A29-BA0F-C525-0EA63CB26BEE}" rigid="true">
<Transform>
<Rotation>0.83538701929139958 -0.22831672737543773 -0.50000000000000255 -0.48231092046540974 0.13181872401070333 -0.86602540378443971 0.26363744802140582 0.96462184093081715 -1.4156287306402549e-16</Rotation>
<Translation>1.76175885727533 -1.0171519504951201 0.38999999999999879</Translation>
</Transform>
<Instance name="Roller:1" grounded="true" uid="Roller:1" entityUid="Roller.ipt_{2C102C11-4343-AF32-459C-5F97DD88C180}">
<Transform>
<Rotation>1 0 0 0 1.0000000000000002 0 0 0 1</Rotation>
<Translation>4.4408920985006262e-16 0 4.4408920985006262e-16</Translation>
</Transform>
</Instance>
<Instance name="RollerTire:1" uid="RollerTire:1" entityUid="RollerTire.ipt_{E1A9B439-4457-1BB5-0D31-0D917DF380D3}">
<Transform>
<Rotation>1 0 0 0 1.0000000000000002 0 0 0 1</Rotation>
<Translation>4.4408920985006262e-16 0 4.4408920985006262e-16</Translation>
</Transform>
</Instance>
</Instance>
<Instance name="Roller:7" uid="Roller:7" entityUid="Roller.iam_{E4DDFF8D-4A29-BA0F-C525-0EA63CB26BEE}" rigid="true">
<Transform>
<Rotation>0.39926431555490144 -0.50374985607046119 -0.76604444311897435 -0.4758246824572212 0.60034570074079063 -0.64278760968654003 0.78369565386632078 0.62114500892387203 2.1026067015120277e-15</Rotation>
<Translation>1.3076253418935184 -1.5583671989688324 0.38999999999999879</Translation>
</Transform>
<Instance name="Roller:1" grounded="true" uid="Roller:1" entityUid="Roller.ipt_{2C102C11-4343-AF32-459C-5F97DD88C180}">
<Transform>
<Rotation>0.99999999999999989 0 0 0 0.99999999999999978 0 0 0 0.99999999999999978</Rotation>
<Translation>8.8817841970012523e-16 8.8817841970012523e-16 -2.2204460492503131e-16</Translation>
</Transform>
</Instance>
<Instance name="RollerTire:1" uid="RollerTire:1" entityUid="RollerTire.ipt_{E1A9B439-4457-1BB5-0D31-0D917DF380D3}">
<Transform>
<Rotation>0.99999999999999989 0 0 0 0.99999999999999978 0 0 0 0.99999999999999978</Rotation>
<Translation>8.8817841970012523e-16 8.8817841970012523e-16 -2.2204460492503131e-16</Translation>
</Transform>
</Instance>
</Instance>
<Instance name="Roller:8" uid="Roller:8" entityUid="Roller.iam_{E4DDFF8D-4A29-BA0F-C525-0EA63CB26BEE}" rigid="true">
<Transform>
<Rotation>0.12511973832647963 -0.31831247151442976 -0.93969262078590865 -0.34376365578007279 0.87455632781668602 -0.34202014332566794 0.93068340484067513 0.36582564146621449 -6.7043892920810661e-16</Rotation>
<Translation>0.69577291178464773 -1.9116203641965142 0.38999999999999879</Translation>
</Transform>
<Instance name="Roller:1" grounded="true" uid="Roller:1" entityUid="Roller.ipt_{2C102C11-4343-AF32-459C-5F97DD88C180}">
<Transform>
<Rotation>1 0 0 0 1 0 0 0 1</Rotation>
<Translation>8.8817841970012523e-16 0 -2.2204460492503131e-16</Translation>
</Transform>
</Instance>
<Instance name="RollerTire:1" uid="RollerTire:1" entityUid="RollerTire.ipt_{E1A9B439-4457-1BB5-0D31-0D917DF380D3}">
<Transform>
<Rotation>1 0 0 0 1 0 0 0 1</Rotation>
<Translation>8.8817841970012523e-16 0 -2.2204460492503131e-16</Translation>
</Transform>
</Instance>
</Instance>
<Instance name="Roller:9" uid="Roller:9" entityUid="Roller.iam_{E4DDFF8D-4A29-BA0F-C525-0EA63CB26BEE}" rigid="true">
<Transform>
<Rotation>0 0 -1 0.010867650830879117 0.9999409453389827 0 0.99994094533898248 -0.010867650830879113 0</Rotation>
<Translation>-2.2204460492503131e-16 -2.0343039009902384 0.38999999999999879</Translation>
</Transform>
<Instance name="Roller:1" grounded="true" uid="Roller:1" entityUid="Roller.ipt_{2C102C11-4343-AF32-459C-5F97DD88C180}">
<Transform>
<Rotation>1 0 0 0 1 0 0 0 1.0000000000000002</Rotation>
<Translation>-1.7763568394002505e-15 0 -1.1102230246251565e-16</Translation>
</Transform>
</Instance>
<Instance name="RollerTire:1" uid="RollerTire:1" entityUid="RollerTire.ipt_{E1A9B439-4457-1BB5-0D31-0D917DF380D3}">
<Transform>
<Rotation>1 0 0 0 1 0 0 0 1.0000000000000002</Rotation>
<Translation>-1.7763568394002505e-15 0 -1.1102230246251565e-16</Translation>
</Transform>
</Instance>
</Instance>
<Instance name="Roller:10" uid="Roller:10" entityUid="Roller.iam_{E4DDFF8D-4A29-BA0F-C525-0EA63CB26BEE}" rigid="true">
<Transform>
<Rotation>0.076154239065461926 0.33343411689998276 -0.93969262078590832 0.20923205222810518 0.91610270705849473 0.34202014332566921 0.97489613815666287 -0.22266009927066882 0</Rotation>
<Translation>-0.69577291178465039 -1.9116203641965148 0.38999999999999879</Translation>
</Transform>
<Instance name="Roller:1" grounded="true" uid="Roller:1" entityUid="Roller.ipt_{2C102C11-4343-AF32-459C-5F97DD88C180}">
<Transform>
<Rotation>1 0 0 0 1 0 0 1.1102230246251565e-16 1.0000000000000002</Rotation>
<Translation>0 4.4408920985006262e-16 5.5511151231257827e-16</Translation>
</Transform>
</Instance>
<Instance name="RollerTire:1" uid="RollerTire:1" entityUid="RollerTire.ipt_{E1A9B439-4457-1BB5-0D31-0D917DF380D3}">
<Transform>
<Rotation>1 0 0 0 1 0 0 1.1102230246251565e-16 1.0000000000000002</Rotation>
<Translation>0 4.4408920985006262e-16 5.5511151231257827e-16</Translation>
</Transform>
</Instance>
</Instance>
<Instance name="Roller:11" uid="Roller:11" entityUid="Roller.iam_{E4DDFF8D-4A29-BA0F-C525-0EA63CB26BEE}" rigid="true">
<Transform>
<Rotation>0.97388881920711345 0.14624253217285435 -0.17364817766692942 0.17172287503652228 0.02578650414920048 0.98480775301220769 0.14849855895787364 -0.98891262404088742 2.7006050250363369e-16</Rotation>
<Translation>-2.0033982536781663 -0.35325316522768291 0.39000000000000057</Translation>
</Transform>
<Instance name="Roller:1" grounded="true" uid="Roller:1" entityUid="Roller.ipt_{2C102C11-4343-AF32-459C-5F97DD88C180}">
<Transform>
<Rotation>1.0000000000000002 0 0 0 1.0000000000000002 0 0 0 1</Rotation>
<Translation>-8.8817841970012523e-16 0 -2.2204460492503131e-16</Translation>
</Transform>
</Instance>
<Instance name="RollerTire:1" uid="RollerTire:1" entityUid="RollerTire.ipt_{E1A9B439-4457-1BB5-0D31-0D917DF380D3}">
<Transform>
<Rotation>1.0000000000000002 0 0 0 1.0000000000000002 0 0 0 1</Rotation>
<Translation>-8.8817841970012523e-16 0 -2.2204460492503131e-16</Translation>
</Transform>
</Instance>
</Instance>
<Instance name="Roller:12" uid="Roller:12" entityUid="Roller.iam_{E4DDFF8D-4A29-BA0F-C525-0EA63CB26BEE}" rigid="true">
<Transform>
<Rotation>-0.70513610682094174 0.50277536818882473 -0.49999999999999967 -0.40711052108839585 0.29027749416573106 0.86602540378444148 0.58055498833146191 0.81422104217679125 3.4796890731217243e-16</Rotation>
<Translation>-1.7617588572753284 -1.0171519504951194 0.38999999999999879</Translation>
</Transform>
<Instance name="Roller:1" grounded="true" uid="Roller:1" entityUid="Roller.ipt_{2C102C11-4343-AF32-459C-5F97DD88C180}">
<Transform>
<Rotation>0.99999999999999989 0 0 0 1 0 0 0 1</Rotation>
<Translation>8.8817841970012523e-16 -8.8817841970012523e-16 -2.2204460492503131e-16</Translation>
</Transform>
</Instance>
<Instance name="RollerTire:1" uid="RollerTire:1" entityUid="RollerTire.ipt_{E1A9B439-4457-1BB5-0D31-0D917DF380D3}">
<Transform>
<Rotation>0.99999999999999989 0 0 0 1 0 0 0 1</Rotation>
<Translation>8.8817841970012523e-16 -8.8817841970012523e-16 -2.2204460492503131e-16</Translation>
</Transform>
</Instance>
</Instance>
<Instance name="Roller:13" uid="Roller:13" entityUid="Roller.iam_{E4DDFF8D-4A29-BA0F-C525-0EA63CB26BEE}" rigid="true">
<Transform>
<Rotation>0.19369611952048382 0.61290923018767052 -0.76604444311897701 0.23083804631009425 0.73043677701030729 0.64278760968653847 0.95351749310563139 -0.30133766830841879 6.1002975282191286e-16</Rotation>
<Translation>-1.3076253418935186 -1.5583671989688301 0.38999999999999879</Translation>
</Transform>
<Instance name="Roller:1" grounded="true" uid="Roller:1" entityUid="Roller.ipt_{2C102C11-4343-AF32-459C-5F97DD88C180}">
<Transform>
<Rotation>1 0 0 0 0.99999999999999989 0 0 0 1</Rotation>
<Translation>8.8817841970012523e-16 -4.4408920985006262e-16 -2.2204460492503131e-16</Translation>
</Transform>
</Instance>
<Instance name="RollerTire:1" uid="RollerTire:1" entityUid="RollerTire.ipt_{E1A9B439-4457-1BB5-0D31-0D917DF380D3}">
<Transform>
<Rotation>1 0 0 0 0.99999999999999989 0 0 0 1</Rotation>
<Translation>8.8817841970012523e-16 -4.4408920985006262e-16 -2.2204460492503131e-16</Translation>
</Transform>
</Instance>
</Instance>
<Instance name="Roller:14" uid="Roller:14" entityUid="Roller.iam_{E4DDFF8D-4A29-BA0F-C525-0EA63CB26BEE}" rigid="true">
<Transform>
<Rotation>-0.21046251093901447 0.84006281401407423 0.50000000000000078 0.12151058734496421 -0.48501049180721967 0.86602540378443993 0.97002098361444078 0.24302117468992848 7.5218553660786184e-16</Rotation>
<Translation>-1.7617588572753307 1.0171519504951188 0.38999999999999879</Translation>
</Transform>
<Instance name="Roller:1" grounded="true" uid="Roller:1" entityUid="Roller.ipt_{2C102C11-4343-AF32-459C-5F97DD88C180}">
<Transform>
<Rotation>1 0 0 0 1 1.6653345369377348e-16 0 0 1</Rotation>
<Translation>0 -6.6613381477509392e-16 -4.4408920985006262e-16</Translation>
</Transform>
</Instance>
<Instance name="RollerTire:1" uid="RollerTire:1" entityUid="RollerTire.ipt_{E1A9B439-4457-1BB5-0D31-0D917DF380D3}">
<Transform>
<Rotation>1 0 0 0 1 1.6653345369377348e-16 0 0 1</Rotation>
<Translation>0 -6.6613381477509392e-16 -4.4408920985006262e-16</Translation>
</Transform>
</Instance>
</Instance>
<Instance name="Roller:15" uid="Roller:15" entityUid="Roller.iam_{E4DDFF8D-4A29-BA0F-C525-0EA63CB26BEE}" rigid="true">
<Transform>
<Rotation>0.18255474528529075 -0.6163194594853848 0.76604444311897701 -0.21756027353886528 0.73450093002742922 0.64278760968653892 -0.95882286807914341 -0.28400476694675836 7.2846201128212068e-16</Rotation>
<Translation>-1.3076253418935213 1.558367198968829 0.38999999999999879</Translation>
</Transform>
<Instance name="Roller:1" grounded="true" uid="Roller:1" entityUid="Roller.ipt_{2C102C11-4343-AF32-459C-5F97DD88C180}">
<Transform>
<Rotation>1.0000000000000002 0 0 0 1 0 0 -1.1102230246251565e-16 1</Rotation>
<Translation>-1.7763568394002505e-15 2.2204460492503131e-16 -2.2204460492503131e-16</Translation>
</Transform>
</Instance>
<Instance name="RollerTire:1" uid="RollerTire:1" entityUid="RollerTire.ipt_{E1A9B439-4457-1BB5-0D31-0D917DF380D3}">
<Transform>
<Rotation>1.0000000000000002 0 0 0 1 0 0 -1.1102230246251565e-16 1</Rotation>
<Translation>-1.7763568394002505e-15 2.2204460492503131e-16 -2.2204460492503131e-16</Translation>
</Transform>
</Instance>
</Instance>
<Instance name="Roller:16" uid="Roller:16" entityUid="Roller.iam_{E4DDFF8D-4A29-BA0F-C525-0EA63CB26BEE}" rigid="true">
<Transform>
<Rotation>0.89452727499442997 -0.41190686408942573 0.1736481776669295 -0.15772929356113852 0.07263029367798024 0.98480775301220347 -0.41826119141480989 -0.90832680008698441 -3.2935470367645899e-16</Rotation>
<Translation>-2.0033982536781627 0.3532531652276818 0.39000000000000057</Translation>
</Transform>
<Instance name="Roller:1" grounded="true" uid="Roller:1" entityUid="Roller.ipt_{2C102C11-4343-AF32-459C-5F97DD88C180}">
<Transform>
<Rotation>1 0 0 0 1 0 0 0 1</Rotation>
<Translation>0 0 -2.2204460492503131e-16</Translation>
</Transform>
</Instance>
<Instance name="RollerTire:1" uid="RollerTire:1" entityUid="RollerTire.ipt_{E1A9B439-4457-1BB5-0D31-0D917DF380D3}">
<Transform>
<Rotation>1 0 0 0 1 0 0 0 1</Rotation>
<Translation>0 0 -2.2204460492503131e-16</Translation>
</Transform>
</Instance>
</Instance>
<Instance name="Roller:17" uid="Roller:17" entityUid="Roller.iam_{E4DDFF8D-4A29-BA0F-C525-0EA63CB26BEE}" rigid="true">
<Transform>
<Rotation>0.12095070061335819 -0.31991984380723948 0.93969262078590565 -0.33230931880241954 0.87897254689584459 0.34202014332566821 -0.93538304702309738 -0.35363619065614571 0</Rotation>
<Translation>-0.69577291178464673 1.911620364196513 0.38999999999999879</Translation>
</Transform>
<Instance name="Roller:1" grounded="true" uid="Roller:1" entityUid="Roller.ipt_{2C102C11-4343-AF32-459C-5F97DD88C180}">
<Transform>
<Rotation>1.0000000000000002 0 -1.6653345369377348e-16 0 1 0 0 0 1</Rotation>
<Translation>1.7763568394002505e-15 0 -3.3306690738754696e-16</Translation>
</Transform>
</Instance>
<Instance name="RollerTire:1" uid="RollerTire:1" entityUid="RollerTire.ipt_{E1A9B439-4457-1BB5-0D31-0D917DF380D3}">
<Transform>
<Rotation>1.0000000000000002 0 -1.6653345369377348e-16 0 1 0 0 0 1</Rotation>
<Translation>1.7763568394002505e-15 0 -3.3306690738754696e-16</Translation>
</Transform>
</Instance>
</Instance>
<Instance name="Roller:18" uid="Roller:18" entityUid="Roller.iam_{E4DDFF8D-4A29-BA0F-C525-0EA63CB26BEE}" rigid="true">
<Transform>
<Rotation>0 0 1 0.15120711760226285 0.98850210297521279 0 -0.98850210297521246 0.15120711760226288 0</Rotation>
<Translation>1.1102230246251565e-15 2.0343039009902384 0.38999999999999879</Translation>
</Transform>
<Instance name="Roller:1" grounded="true" uid="Roller:1" entityUid="Roller.ipt_{2C102C11-4343-AF32-459C-5F97DD88C180}">
<Transform>
<Rotation>1 0 0 0 1 0 0 0 1</Rotation>
<Translation>8.8817841970012523e-16 0 0</Translation>
</Transform>
</Instance>
<Instance name="RollerTire:1" uid="RollerTire:1" entityUid="RollerTire.ipt_{E1A9B439-4457-1BB5-0D31-0D917DF380D3}">
<Transform>
<Rotation>1 0 0 0 1 0 0 0 1</Rotation>
<Translation>8.8817841970012523e-16 0 0</Translation>
</Transform>
</Instance>
</Instance>
</Instance>
<Instance name="RoboCinWheel_simplified:2" uid="RoboCinWheel_simplified:2" entityUid="RoboCinWheel_simplified.iam_{5CD14B82-42B2-9D40-1A94-FDBAEFC64141}" rigid="true">
<Transform>
<Rotation>0.4310371882591077 -0.56054165085003516 0.70710678118654857 -0.43103718825910842 0.56054165085003571 0.70710678118654757 -0.79272560490712374 -0.60957863752319497 0</Rotation>
<Translation>5.5437171645025325 5.5437171645025352 1.9500000000000002</Translation>
</Transform>
<Instance name="wheel_simplified2:1" grounded="true" uid="wheel_simplified2:1" entityUid="wheel_simplified2.ipt_{FC343ECF-4ED8-3639-0595-D7B9B3DF5A9A}">
<Transform>
<Rotation>1 0 0 0 1 0 0 0 1</Rotation>
<Translation>4.4408920985006262e-16 0 0</Translation>
</Transform>
</Instance>
<Instance name="gear_z60_26106000_simplified:1" grounded="true" uid="gear_z60_26106000_simplified:1" entityUid="gear_z60_26106000_simplified.ipt_{A3997E71-4B0D-06D3-12BD-059450D7D968}">
<Transform>
<Rotation>0 -0.11904917988168634 0.992888358663502 0 0.99288835866350189 0.11904917988168623 -1 0 0</Rotation>
<Translation>0 4.4408920985006262e-16 -0.20000000000000107</Translation>
</Transform>
</Instance>
<Instance name="Roller:1" uid="Roller:1" entityUid="Roller.iam_{E4DDFF8D-4A29-BA0F-C525-0EA63CB26BEE}" rigid="true">
<Transform>
<Rotation>0.28629591714828795 0.1871160769809174 0.93969262078590376 0.7865915676469849 0.51409719632200845 -0.34202014332566621 -0.5470908092180663 0.83707326230690116 0</Rotation>
<Translation>0.69577291178464562 1.911620364196517 0.39000000000000057</Translation>
</Transform>
<Instance name="Roller:1" grounded="true" uid="Roller:1" entityUid="Roller.ipt_{2C102C11-4343-AF32-459C-5F97DD88C180}">
<Transform>
<Rotation>1 0 0 0 1 0 0 0 1</Rotation>
<Translation>0 -8.8817841970012523e-16 -2.2204460492503131e-16</Translation>
</Transform>
</Instance>
<Instance name="RollerTire:1" uid="RollerTire:1" entityUid="RollerTire.ipt_{E1A9B439-4457-1BB5-0D31-0D917DF380D3}">
<Transform>
<Rotation>1 0 0 0 1 0 0 0 1</Rotation>
<Translation>0 -8.8817841970012523e-16 -2.2204460492503131e-16</Translation>
</Transform>
</Instance>
</Instance>
<Instance name="Roller:2" uid="Roller:2" entityUid="Roller.iam_{E4DDFF8D-4A29-BA0F-C525-0EA63CB26BEE}" rigid="true">
<Transform>
<Rotation>0.47397192139889721 0.43419641741033921 0.76604444311897846 0.56485774011591594 0.5174551403403076 -0.64278760968653992 -0.67548971210269493 0.73736941138307388 -3.0316951043666823e-16</Rotation>
<Translation>1.3076253418935193 1.5583671989688317 0.39000000000000057</Translation>
</Transform>
<Instance name="Roller:1" grounded="true" uid="Roller:1" entityUid="Roller.ipt_{2C102C11-4343-AF32-459C-5F97DD88C180}">
<Transform>
<Rotation>1.0000000000000002 1.1102230246251565e-16 0 0 1 0 0 0 1.0000000000000002</Rotation>
<Translation>0 0 -1.6653345369377348e-16</Translation>
</Transform>
</Instance>
<Instance name="RollerTire:1" uid="RollerTire:1" entityUid="RollerTire.ipt_{E1A9B439-4457-1BB5-0D31-0D917DF380D3}">
<Transform>
<Rotation>1.0000000000000002 1.1102230246251565e-16 0 0 1 0 0 0 1.0000000000000002</Rotation>
<Translation>0 0 -1.6653345369377348e-16</Translation>
</Transform>
</Instance>
</Instance>
<Instance name="Roller:3" uid="Roller:3" entityUid="Roller.iam_{E4DDFF8D-4A29-BA0F-C525-0EA63CB26BEE}" rigid="true">
<Transform>
<Rotation>0.82345267722930049 0.26818964999398126 0.50000000000000022 0.4754206248632552 0.15483936661789749 -0.86602540378444159 -0.30967873323579298 0.95084124972651041 2.5929983393154882e-16</Rotation>
<Translation>1.7617588572753309 1.0171519504951176 0.38999999999999879</Translation>
</Transform>
<Instance name="Roller:1" grounded="true" uid="Roller:1" entityUid="Roller.ipt_{2C102C11-4343-AF32-459C-5F97DD88C180}">
<Transform>
<Rotation>1 0 0 0 1 0 0 0 0.99999999999999989</Rotation>
<Translation>-4.4408920985006262e-16 0 6.6613381477509392e-16</Translation>
</Transform>
</Instance>
<Instance name="RollerTire:1" uid="RollerTire:1" entityUid="RollerTire.ipt_{E1A9B439-4457-1BB5-0D31-0D917DF380D3}">
<Transform>
<Rotation>1 0 0 0 1 0 0 0 0.99999999999999989</Rotation>
<Translation>-4.4408920985006262e-16 0 6.6613381477509392e-16</Translation>
</Transform>
</Instance>
</Instance>
<Instance name="Roller:4" uid="Roller:4" entityUid="Roller.iam_{E4DDFF8D-4A29-BA0F-C525-0EA63CB26BEE}" rigid="true">
<Transform>
<Rotation>0.95622876034414683 0.23552678888748405 0.17364817766693019 0.16860893017808154 0.041529727560490087 -0.98480775301220647 -0.23916016924834699 0.97098013030396357 0</Rotation>
<Translation>2.003398253678164 0.35325316522768169 0.38999999999999879</Translation>
</Transform>
<Instance name="Roller:1" grounded="true" uid="Roller:1" entityUid="Roller.ipt_{2C102C11-4343-AF32-459C-5F97DD88C180}">
<Transform>
<Rotation>1 0 0 0 1.0000000000000002 0 0 0 1.0000000000000002</Rotation>
<Translation>0 0 1.1102230246251565e-16</Translation>
</Transform>
</Instance>
<Instance name="RollerTire:1" uid="RollerTire:1" entityUid="RollerTire.ipt_{E1A9B439-4457-1BB5-0D31-0D917DF380D3}">
<Transform>
<Rotation>1 0 0 0 1.0000000000000002 0 0 0 1.0000000000000002</Rotation>
<Translation>0 0 1.1102230246251565e-16</Translation>
</Transform>
</Instance>
</Instance>
<Instance name="Roller:5" uid="Roller:5" entityUid="Roller.iam_{E4DDFF8D-4A29-BA0F-C525-0EA63CB26BEE}" rigid="true">
<Transform>
<Rotation>0.95411716604177066 0.2439400415212149 -0.17364817766693053 -0.16823659913026262 -0.043013210995333728 -0.98480775301220791 -0.24770320986515651 0.9688359612558225 0</Rotation>
<Translation>2.0033982536781676 -0.35325316522768246 0.39000000000000057</Translation>
</Transform>
<Instance name="Roller:1" grounded="true" uid="Roller:1" entityUid="Roller.ipt_{2C102C11-4343-AF32-459C-5F97DD88C180}">
<Transform>
<Rotation>1 0 0 0 0.99999999999999978 0 0 0 1</Rotation>
<Translation>-6.6613381477509392e-16 0 4.4408920985006262e-16</Translation>
</Transform>
</Instance>
<Instance name="RollerTire:1" uid="RollerTire:1" entityUid="RollerTire.ipt_{E1A9B439-4457-1BB5-0D31-0D917DF380D3}">
<Transform>
<Rotation>1 0 0 0 0.99999999999999978 0 0 0 1</Rotation>
<Translation>-6.6613381477509392e-16 0 4.4408920985006262e-16</Translation>
</Transform>
</Instance>
</Instance>
<Instance name="Roller:6" uid="Roller:6" entityUid="Roller.iam_{E4DDFF8D-4A29-BA0F-C525-0EA63CB26BEE}" rigid="true">
<Transform>
<Rotation>0.83538701929139969 -0.22831672737543773 -0.50000000000000266 -0.4823109204654098 0.13181872401070327 -0.86602540378443971 0.26363744802140582 0.96462184093081738 0</Rotation>
<Translation>1.7617588572753302 -1.0171519504951192 0.39000000000000057</Translation>
</Transform>
<Instance name="Roller:1" grounded="true" uid="Roller:1" entityUid="Roller.ipt_{2C102C11-4343-AF32-459C-5F97DD88C180}">
<Transform>
<Rotation>1 0 0 0 1 0 0 0 0.99999999999999989</Rotation>
<Translation>-4.4408920985006262e-16 8.8817841970012523e-16 2.2204460492503131e-16</Translation>
</Transform>
</Instance>
<Instance name="RollerTire:1" uid="RollerTire:1" entityUid="RollerTire.ipt_{E1A9B439-4457-1BB5-0D31-0D917DF380D3}">
<Transform>
<Rotation>1 0 0 0 1 0 0 0 0.99999999999999989</Rotation>
<Translation>-4.4408920985006262e-16 8.8817841970012523e-16 2.2204460492503131e-16</Translation>
</Transform>
</Instance>
</Instance>
<Instance name="Roller:7" uid="Roller:7" entityUid="Roller.iam_{E4DDFF8D-4A29-BA0F-C525-0EA63CB26BEE}" rigid="true">
<Transform>
<Rotation>0.39926431555490133 -0.5037498560704613 -0.76604444311897446 -0.47582468245722109 0.60034570074079074 -0.64278760968654014 0.78369565386632078 0.62114500892387214 2.2275108646653913e-15</Rotation>
<Translation>1.3076253418935182 -1.5583671989688312 0.38999999999999879</Translation>
</Transform>
<Instance name="Roller:1" grounded="true" uid="Roller:1" entityUid="Roller.ipt_{2C102C11-4343-AF32-459C-5F97DD88C180}">
<Transform>
<Rotation>1 0 0 0 0.99999999999999989 0 0 0 1</Rotation>
<Translation>-8.8817841970012523e-16 0 -2.2204460492503131e-16</Translation>
</Transform>
</Instance>
<Instance name="RollerTire:1" uid="RollerTire:1" entityUid="RollerTire.ipt_{E1A9B439-4457-1BB5-0D31-0D917DF380D3}">
<Transform>
<Rotation>1 0 0 0 0.99999999999999989 0 0 0 1</Rotation>
<Translation>-8.8817841970012523e-16 0 -2.2204460492503131e-16</Translation>
</Transform>
</Instance>
</Instance>
<Instance name="Roller:8" uid="Roller:8" entityUid="Roller.iam_{E4DDFF8D-4A29-BA0F-C525-0EA63CB26BEE}" rigid="true">
<Transform>
<Rotation>0.1251197383264796 -0.31831247151442965 -0.93969262078590876 -0.34376365578007273 0.87455632781668591 -0.34202014332566794 0.93068340484067535 0.36582564146621449 -5.4864537554949703e-16</Rotation>
<Translation>0.69577291178464828 -1.9116203641965135 0.39000000000000057</Translation>
</Transform>
<Instance name="Roller:1" grounded="true" uid="Roller:1" entityUid="Roller.ipt_{2C102C11-4343-AF32-459C-5F97DD88C180}">
<Transform>
<Rotation>1 0 0 -1.1102230246251565e-16 1 0 0 0 1</Rotation>
<Translation>0 -7.7715611723760958e-16 -2.2204460492503131e-16</Translation>
</Transform>
</Instance>
<Instance name="RollerTire:1" uid="RollerTire:1" entityUid="RollerTire.ipt_{E1A9B439-4457-1BB5-0D31-0D917DF380D3}">
<Transform>
<Rotation>1 0 0 -1.1102230246251565e-16 1 0 0 0 1</Rotation>
<Translation>0 -7.7715611723760958e-16 -2.2204460492503131e-16</Translation>
</Transform>
</Instance>
</Instance>
<Instance name="Roller:9" uid="Roller:9" entityUid="Roller.iam_{E4DDFF8D-4A29-BA0F-C525-0EA63CB26BEE}" rigid="true">
<Transform>
<Rotation>0 0 -1 0.010867650830879105 0.9999409453389827 0 0.9999409453389827 -0.010867650830879176 0</Rotation>
<Translation>6.6613381477509392e-16 -2.0343039009902379 0.39000000000000057</Translation>
</Transform>
<Instance name="Roller:1" grounded="true" uid="Roller:1" entityUid="Roller.ipt_{2C102C11-4343-AF32-459C-5F97DD88C180}">
<Transform>
<Rotation>1 0 0 0 1 0 0 1.1102230246251565e-16 0.99999999999999989</Rotation>
<Translation>0 -4.4408920985006262e-16 -4.4408920985006262e-16</Translation>
</Transform>
</Instance>
<Instance name="RollerTire:1" uid="RollerTire:1" entityUid="RollerTire.ipt_{E1A9B439-4457-1BB5-0D31-0D917DF380D3}">
<Transform>
<Rotation>1 0 0 0 1 0 0 1.1102230246251565e-16 0.99999999999999989</Rotation>
<Translation>0 -4.4408920985006262e-16 -4.4408920985006262e-16</Translation>
</Transform>
</Instance>
</Instance>
<Instance name="Roller:10" uid="Roller:10" entityUid="Roller.iam_{E4DDFF8D-4A29-BA0F-C525-0EA63CB26BEE}" rigid="true">
<Transform>
<Rotation>0.076154239065461954 0.33343411689998287 -0.93969262078590843 0.20923205222810509 0.91610270705849484 0.34202014332566927 0.97489613815666298 -0.22266009927066888 0</Rotation>
<Translation>-0.69577291178465051 -1.9116203641965144 0.39000000000000057</Translation>
</Transform>
<Instance name="Roller:1" grounded="true" uid="Roller:1" entityUid="Roller.ipt_{2C102C11-4343-AF32-459C-5F97DD88C180}">
<Transform>
<Rotation>1 0 0 0 1 0 0 0 1</Rotation>
<Translation>0 0 0</Translation>
</Transform>
</Instance>
<Instance name="RollerTire:1" uid="RollerTire:1" entityUid="RollerTire.ipt_{E1A9B439-4457-1BB5-0D31-0D917DF380D3}">
<Transform>
<Rotation>1 0 0 0 1 0 0 0 1</Rotation>
<Translation>0 0 0</Translation>
</Transform>
</Instance>
</Instance>
<Instance name="Roller:11" uid="Roller:11" entityUid="Roller.iam_{E4DDFF8D-4A29-BA0F-C525-0EA63CB26BEE}" rigid="true">
<Transform>
<Rotation>0.97388881920711357 0.14624253217285446 -0.17364817766692936 0.17172287503652223 0.025786504149200473 0.98480775301220769 0.14849855895787345 -0.98891262404088764 2.8625191267636955e-16</Rotation>
<Translation>-2.0033982536781663 -0.35325316522768224 0.39000000000000057</Translation>
</Transform>
<Instance name="Roller:1" grounded="true" uid="Roller:1" entityUid="Roller.ipt_{2C102C11-4343-AF32-459C-5F97DD88C180}">
<Transform>
<Rotation>1 0 0 0 0.99999999999999989 0 0 0 1</Rotation>
<Translation>8.8817841970012523e-16 1.7763568394002505e-15 -4.4408920985006262e-16</Translation>
</Transform>
</Instance>
<Instance name="RollerTire:1" uid="RollerTire:1" entityUid="RollerTire.ipt_{E1A9B439-4457-1BB5-0D31-0D917DF380D3}">
<Transform>
<Rotation>1 0 0 0 0.99999999999999989 0 0 0 1</Rotation>
<Translation>8.8817841970012523e-16 1.7763568394002505e-15 -4.4408920985006262e-16</Translation>
</Transform>
</Instance>
</Instance>
<Instance name="Roller:12" uid="Roller:12" entityUid="Roller.iam_{E4DDFF8D-4A29-BA0F-C525-0EA63CB26BEE}" rigid="true">
<Transform>
<Rotation>-0.70513610682094185 0.50277536818882473 -0.49999999999999967 -0.40711052108839585 0.29027749416573101 0.86602540378444148 0.58055498833146191 0.81422104217679137 2.958116783810295e-16</Rotation>
<Translation>-1.7617588572753295 -1.0171519504951192 0.39000000000000057</Translation>
</Transform>
<Instance name="Roller:1" grounded="true" uid="Roller:1" entityUid="Roller.ipt_{2C102C11-4343-AF32-459C-5F97DD88C180}">
<Transform>
<Rotation>0.99999999999999989 1.1102230246251565e-16 0 0 1 0 0 0 1</Rotation>
<Translation>0 -8.8817841970012523e-16 7.7715611723760958e-16</Translation>
</Transform>
</Instance>
<Instance name="RollerTire:1" uid="RollerTire:1" entityUid="RollerTire.ipt_{E1A9B439-4457-1BB5-0D31-0D917DF380D3}">
<Transform>
<Rotation>0.99999999999999989 1.1102230246251565e-16 0 0 1 0 0 0 1</Rotation>
<Translation>0 -8.8817841970012523e-16 7.7715611723760958e-16</Translation>
</Transform>
</Instance>
</Instance>
<Instance name="Roller:13" uid="Roller:13" entityUid="Roller.iam_{E4DDFF8D-4A29-BA0F-C525-0EA63CB26BEE}" rigid="true">
<Transform>
<Rotation>0.19369611952048374 0.61290923018767041 -0.76604444311897713 0.23083804631009422 0.73043677701030729 0.64278760968653847 0.95351749310563139 -0.30133766830841896 8.0276987151798872e-16</Rotation>
<Translation>-1.3076253418935189 -1.5583671989688304 0.39000000000000057</Translation>
</Transform>
<Instance name="Roller:1" grounded="true" uid="Roller:1" entityUid="Roller.ipt_{2C102C11-4343-AF32-459C-5F97DD88C180}">
<Transform>
<Rotation>1 0 0 0 0.99999999999999989 0 0 0 0.99999999999999989</Rotation>
